1,14
2,13
3,13
4,2
5,17
6,17
7,11
8,13
9,22
10,11
11,14
12,9
13,11
14,8
15,11
16,10
17,0
18,8
19,2
20,12
21,14
22,0
23,9
24,17
25,8
26,17
27,11
28,8
29,17
30,6
31,14
32,10
33,10
34,16
35,10
36,10
37,14
38,8
39,8
40,14
41,16
42,10
43,13
44,13
45,10
46,10
47,10
48,14
49,13
50,0
51,7
52,15
53,22
54,10
55,14
56,14
57,10
58,9
59,17
60,14
61,13
62,11
63,11
64,6
65,10
66,6
67,6
68,14
69,12
70,12
71,13
72,14
73,13
74,8
75,13
76,6
77,10
78,17
79,6
80,8
,0,1,2,3,4,5,6,7,8,9,10,11,12,13,14,15,16,17,18,19,20,21,22,23,24,25
0,2,0,0,0,0,0,0,0,0,0,1,0,1,0,0,0,0,0,0,0,0,0,0,0,0,0
1,0,0,0,0,0,0,0,0,0,0,0,0,0,1,0,0,0,1,0,0,0,0,0,0,0,0
2,0,0,2,0,0,0,0,0,0,0,0,1,0,0,1,0,0,0,0,0,0,0,0,0,0,0
3,0,0,0,0,0,0,0,0,0,0,0,0,0,0,2,1,0,0,0,0,0,0,0,0,0,0
4,0,0,0,0,0,0,0,0,0,0,0,1,0,0,1,0,0,0,0,0,0,0,0,0,0,0
5,0,0,0,0,0,0,0,0,0,0,1,0,0,0,1,0,0,0,0,0,0,0,0,0,0,0
6,1,0,0,0,0,0,3,0,0,0,0,0,0,0,0,0,0,0,0,0,0,0,0,0,0,0
7,0,0,0,0,0,0,0,1,0,0,0,0,0,2,0,0,0,0,0,0,0,0,0,0,0,0
8,0,0,0,0,0,0,0,0,3,0,0,0,0,0,0,0,0,0,0,0,0,0,0,0,0,0
9,0,0,0,0,0,0,0,0,2,2,0,0,0,0,0,0,0,0,0,0,0,0,0,0,0,0
10,0,0,0,0,0,0,0,0,0,0,3,0,0,0,0,0,0,0,0,0,0,0,0,0,0,0
11,0,0,0,0,0,0,0,0,0,0,1,3,0,0,0,0,0,0,0,0,0,0,0,0,0,0
12,0,0,0,0,0,0,2,0,0,0,0,0,1,0,0,0,0,0,0,0,0,0,0,0,0,0
13,0,0,0,0,0,0,0,0,0,0,1,0,1,2,0,0,0,0,0,0,0,0,0,0,0,0
14,0,0,0,0,0,0,0,0,0,0,0,0,0,0,3,0,0,0,0,0,0,0,0,0,0,0
15,0,0,0,0,0,0,0,0,1,0,1,0,0,0,0,0,0,1,0,0,0,0,0,0,0,0
16,0,0,0,0,0,0,0,0,0,0,0,0,0,0,1,0,2,0,0,0,0,0,0,0,0,0
17,0,0,0,0,0,0,0,0,0,0,1,0,0,0,0,0,0,3,0,0,0,0,0,0,0,0
18,0,0,0,0,0,0,1,0,0,0,0,0,0,0,1,0,0,1,0,0,0,0,0,0,0,0
19,0,0,0,0,0,0,0,0,2,0,0,0,0,0,0,0,0,0,0,0,0,0,0,0,0,0
20,0,0,0,0,0,0,0,0,0,0,1,1,0,0,1,0,0,0,0,0,0,0,0,0,0,0
21,0,0,0,0,0,0,0,0,0,0,0,1,0,2,0,0,0,0,0,0,0,0,0,0,0,0
22,0,0,0,0,0,0,0,0,0,0,0,0,0,0,1,0,0,0,0,0,0,0,2,0,0,0
23,0,0,0,0,0,0,0,0,0,0,1,0,0,1,0,0,0,0,0,0,0,0,0,0,0,0
24,0,0,0,0,0,0,0,0,0,0,0,0,0,2,0,0,0,1,0,0,0,0,0,0,0,0
25,0,0,0,0,0,0,0,0,0,1,2,0,0,0,0,0,0,0,0,0,0,0,0,0,0,0
,precision,recall,f1-score,support
A,0.6666666666666666,0.5,0.5714285714285715,4.0
B,0.0,0.0,0.0,2.0
C,1.0,0.5,0.6666666666666666,4.0
D,0.0,0.0,0.0,3.0
E,0.0,0.0,0.0,2.0
F,0.0,0.0,0.0,2.0
G,0.5,0.75,0.6,4.0
H,1.0,0.3333333333333333,0.5,3.0
I,0.375,1.0,0.5454545454545454,3.0
J,0.6666666666666666,0.5,0.5714285714285715,4.0
K,0.23076923076923078,1.0,0.375,3.0
L,0.42857142857142855,0.75,0.5454545454545454,4.0
M,0.3333333333333333,0.3333333333333333,0.3333333333333333,3.0
N,0.2,0.5,0.28571428571428575,4.0
O,0.25,1.0,0.4,3.0
P,0.0,0.0,0.0,3.0
Q,1.0,0.6666666666666666,0.8,3.0
R,0.42857142857142855,0.75,0.5454545454545454,4.0
S,0.0,0.0,0.0,3.0
T,0.0,0.0,0.0,2.0
U,0.0,0.0,0.0,3.0
V,0.0,0.0,0.0,3.0
W,1.0,0.6666666666666666,0.8,3.0
X,0.0,0.0,0.0,2.0
Y,0.0,0.0,0.0,3.0
Z,0.0,0.0,0.0,3.0
accuracy,0.4,0.4,0.4,0.4
macro avg,0.3107530290222598,0.3557692307692308,0.2899975024975025,80.0
weighted avg,0.35161515567765567,0.4,0.33007440476190475,80.0
