1,9
2,17
3,22
4,10
5,1
6,24
7,15
8,1
9,9
10,17
11,18
12,25
13,22
14,15
15,9
16,24
17,6
18,8
19,11
20,15
21,19
22,5
23,19
24,13
25,24
26,12
27,4
28,18
29,11
30,14
31,15
32,20
33,20
34,0
35,12
36,1
37,10
38,22
39,8
40,22
41,18
42,19
43,18
44,20
45,8
46,19
47,14
48,22
49,21
50,2
51,10
52,23
53,12
54,7
55,16
56,11
57,2
58,0
59,20
60,2
61,11
62,6
63,19
64,13
65,13
66,6
67,1
68,4
69,22
70,11
71,23
72,17
73,1
74,4
75,7
76,6
77,3
78,19
79,25
80,3
81,12
82,20
83,9
84,4
85,7
86,6
87,0
88,19
89,14
90,8
91,18
92,10
93,25
94,5
95,9
96,5
97,2
98,0
99,13
100,21
101,6
102,20
103,12
104,3
105,0
106,24
107,16
108,14
109,13
110,13
111,2
112,6
113,11
114,6
115,0
116,21
117,20
118,14
119,6
120,14
121,0
122,15
123,11
124,15
125,15
126,11
127,14
128,7
129,25
130,7
131,20
132,16
133,17
134,4
135,14
136,19
137,22
138,0
139,23
140,13
141,18
142,8
143,6
144,9
145,16
146,6
147,18
148,4
149,3
150,20
151,21
152,1
153,12
154,14
155,0
156,16
157,4
158,0
159,20
160,10
161,22
162,4
163,0
164,7
165,25
166,2
167,11
168,12
169,10
170,16
171,5
172,21
173,11
174,19
175,16
176,15
177,20
178,19
179,0
180,8
181,22
182,17
183,4
184,5
185,12
186,19
187,11
188,22
189,2
190,0
191,12
192,15
193,22
194,4
195,17
196,10
197,2
198,10
199,16
200,19
201,8
202,3
203,23
204,12
205,10
206,5
207,9
208,2
209,2
210,0
211,18
212,18
213,10
214,14
215,21
216,3
217,8
218,3
219,14
220,21
221,0
222,24
223,2
224,7
225,24
226,1
227,25
228,9
229,12
230,4
231,3
232,11
233,21
234,10
235,13
236,24
237,2
238,8
239,5
,0,1,2,3,4,5,6,7,8,9,10,11,12,13,14,15,16,17,18,19,20,21,22,23,24,25
0,7,0,0,0,0,0,0,0,0,0,0,0,1,0,0,0,0,1,1,0,0,0,0,0,0,0
1,0,3,0,1,1,1,0,0,0,2,0,0,0,0,0,0,0,0,0,1,0,0,0,0,0,0
2,0,0,8,0,0,0,0,0,0,0,0,0,1,0,0,0,0,0,0,1,0,0,0,0,0,0
3,0,1,0,2,0,0,0,0,0,0,0,0,0,0,0,0,0,0,2,1,1,0,1,0,0,0
4,0,0,0,0,3,1,0,0,0,0,0,1,0,0,1,0,1,0,0,0,0,0,0,0,0,1
5,2,0,1,0,0,2,0,0,0,0,0,0,0,0,1,0,0,0,0,2,0,0,0,0,0,0
6,1,0,0,1,0,0,4,0,1,0,0,1,0,0,0,0,0,0,1,0,1,0,0,0,0,0
7,1,0,0,0,0,0,0,4,1,0,1,0,0,0,0,0,0,0,1,0,1,0,0,0,0,0
8,1,0,0,1,0,1,0,0,5,0,0,0,0,0,0,0,0,1,0,0,0,1,0,0,0,0
9,0,0,0,1,2,0,0,0,0,1,0,1,0,0,1,0,1,2,0,1,0,0,0,0,0,0
10,1,0,0,0,0,0,0,0,0,0,6,0,0,0,0,0,0,0,0,0,1,0,0,1,1,0
11,0,0,0,0,0,0,0,0,0,0,0,8,1,0,0,0,0,0,0,0,0,1,0,0,0,0
12,0,0,0,0,0,0,0,1,1,0,1,0,4,0,0,0,0,0,0,0,0,0,1,1,0,1
13,0,0,0,1,0,0,0,1,0,0,1,0,1,2,0,0,1,0,0,0,0,0,2,0,1,0
14,0,0,1,1,1,0,2,0,0,1,0,0,0,0,2,0,1,0,0,0,1,0,0,0,0,0
15,0,0,0,0,2,1,0,0,1,0,0,0,0,0,0,5,0,0,1,0,0,0,0,0,0,0
16,0,0,1,0,0,1,1,0,0,0,0,0,0,0,3,0,3,0,0,0,0,0,0,0,1,0
17,0,2,0,0,0,0,0,0,0,0,0,0,0,0,2,4,0,2,0,0,0,0,0,0,0,0
18,0,0,1,0,0,0,4,0,0,0,0,0,0,0,0,0,1,0,2,1,0,0,0,0,0,0
19,0,0,0,0,0,0,0,0,0,2,0,0,0,0,0,0,0,0,1,5,0,0,0,0,0,0
20,0,0,0,0,0,0,0,1,0,0,0,1,0,0,0,0,0,0,0,0,6,0,0,0,0,0
21,0,0,0,0,0,0,0,0,0,0,1,0,0,4,0,0,0,0,0,0,0,1,2,0,0,0
22,1,0,0,0,0,0,0,0,0,0,1,0,1,0,0,0,0,0,0,0,0,2,4,0,0,0
23,1,0,0,0,0,0,0,0,0,0,0,0,0,2,0,0,0,0,0,0,0,0,1,2,0,2
24,0,0,0,0,0,0,0,0,0,0,0,0,2,0,0,0,0,0,0,0,0,2,0,0,4,0
25,0,1,0,0,2,0,0,0,0,2,0,0,0,0,1,0,0,0,0,0,0,1,0,0,0,2
,precision,recall,f1-score,support
A,0.4666666666666667,0.7,0.56,10.0
B,0.42857142857142855,0.3333333333333333,0.375,9.0
C,0.6666666666666666,0.8,0.7272727272727272,10.0
D,0.25,0.25,0.25,8.0
E,0.2727272727272727,0.375,0.3157894736842105,8.0
F,0.2857142857142857,0.25,0.26666666666666666,8.0
G,0.36363636363636365,0.4,0.380952380952381,10.0
H,0.5714285714285714,0.4444444444444444,0.5,9.0
I,0.5555555555555556,0.5,0.5263157894736842,10.0
J,0.125,0.1,0.11111111111111112,10.0
K,0.5454545454545454,0.6,0.5714285714285713,10.0
L,0.6666666666666666,0.8,0.7272727272727272,10.0
M,0.36363636363636365,0.4,0.380952380952381,10.0
N,0.25,0.2,0.22222222222222224,10.0
O,0.18181818181818182,0.2,0.1904761904761905,10.0
P,0.5555555555555556,0.5,0.5263157894736842,10.0
Q,0.375,0.3,0.33333333333333326,10.0
R,0.3333333333333333,0.2,0.25,10.0
S,0.2222222222222222,0.2222222222222222,0.2222222222222222,9.0
T,0.4166666666666667,0.625,0.5,8.0
U,0.5454545454545454,0.75,0.631578947368421,8.0
V,0.125,0.125,0.125,8.0
W,0.36363636363636365,0.4444444444444444,0.39999999999999997,9.0
X,0.5,0.25,0.3333333333333333,8.0
Y,0.5714285714285714,0.5,0.5333333333333333,8.0
Z,0.3333333333333333,0.2222222222222222,0.26666666666666666,9.0
accuracy,0.40585774058577406,0.40585774058577406,0.40585774058577406,0.40585774058577406
macro avg,0.39750666000665996,0.403525641025641,0.39335553335553336,239.0
weighted avg,0.3995755522952175,0.40585774058577406,0.39580395930869394,239.0
