1,9
2,7
3,1
4,4
5,1
6,1
7,9
8,6
9,9
10,1
11,0
12,5
13,9
14,5
15,0
16,4
17,4
18,3
19,9
20,1
21,7
22,0
23,1
24,1
25,6
26,0
27,5
28,4
29,5
30,1
31,0
32,1
33,8
34,9
35,9
36,9
37,8
38,5
39,1
40,1
41,1
42,0
43,1
44,5
45,0
46,1
47,8
48,9
49,1
50,0
51,1
52,9
53,5
54,4
55,9
56,8
57,2
58,9
59,1
60,0
61,9
62,1
63,9
64,4
65,9
66,2
67,6
68,8
69,6
70,9
71,0
72,1
73,5
74,1
75,8
76,1
77,5
78,9
79,1
80,9
81,4
82,1
83,9
84,1
85,5
86,9
87,1
88,9
89,9
90,9
91,8
92,9
93,9
94,8
95,0
96,1
97,1
98,8
99,9
100,9
101,1
102,0
103,1
104,4
105,4
106,5
107,0
108,8
109,5
110,1
111,1
112,1
113,4
114,1
115,4
116,4
117,9
118,7
119,4
120,5
121,8
122,1
123,1
124,0
125,1
126,5
127,1
128,5
129,2
130,7
131,9
132,5
133,0
134,4
135,5
136,9
137,7
138,4
139,3
140,0
141,1
142,8
143,1
144,1
145,1
146,1
147,8
148,8
149,9
150,8
151,9
152,0
153,7
154,9
155,1
156,1
157,0
158,7
159,1
160,2
161,7
162,2
163,9
164,9
165,1
166,5
167,9
168,1
169,1
170,1
171,8
172,9
173,1
174,1
175,9
176,7
177,1
178,3
179,6
180,8
181,1
182,9
183,8
184,9
185,0
186,9
187,4
188,1
189,3
190,7
191,8
192,1
193,0
194,4
195,0
196,4
197,9
198,1
199,9
200,0
201,1
202,4
203,1
204,9
205,1
206,3
207,3
208,5
209,2
210,1
211,9
212,1
213,1
214,7
215,9
216,2
217,1
218,4
219,0
220,6
221,1
222,5
223,2
224,0
225,9
226,5
227,4
228,0
229,1
230,1
231,4
232,0
233,5
234,0
235,6
236,9
237,1
238,9
239,1
240,8
241,4
242,3
243,1
244,8
245,9
246,7
247,9
248,5
249,5
250,5
251,1
252,4
253,8
254,9
255,9
256,9
257,9
258,9
259,3
260,1
261,2
262,0
263,1
264,8
265,9
266,5
267,2
268,1
269,1
270,0
271,4
272,1
273,1
274,9
275,9
276,9
277,9
278,4
279,0
280,9
281,1
282,8
283,3
284,1
285,5
286,0
287,3
288,9
289,6
290,5
291,2
292,5
293,5
294,4
295,3
296,4
297,4
298,8
299,0
300,6
301,9
302,1
303,1
304,4
305,9
306,1
307,4
308,5
309,6
310,5
311,8
312,4
313,9
314,1
315,8
316,9
317,0
318,9
319,5
320,1
321,9
322,5
323,1
324,4
325,1
326,0
327,8
328,0
329,8
330,0
331,0
332,9
333,4
334,1
335,9
336,6
337,1
338,7
339,9
340,9
341,0
342,8
343,8
344,4
345,9
346,4
347,4
348,1
349,0
350,9
351,9
352,5
353,5
354,1
355,9
356,9
357,5
358,9
359,8
360,5
361,0
362,5
363,9
364,5
365,5
366,7
367,1
368,3
369,9
370,2
371,1
372,1
373,1
374,8
375,2
376,1
377,1
378,1
379,8
380,9
381,4
382,7
383,9
384,9
385,9
386,1
387,4
388,8
389,0
390,8
391,4
392,9
393,9
394,8
395,5
396,6
397,1
398,5
399,0
400,3
401,8
402,9
403,4
404,9
405,9
406,1
407,5
408,0
409,1
410,1
411,1
412,5
413,5
414,5
415,9
416,5
417,1
418,1
419,4
420,2
421,9
422,9
423,8
424,8
425,9
426,1
427,0
428,9
429,0
430,4
431,4
432,9
433,9
434,9
435,8
436,1
437,9
438,3
439,9
440,7
441,0
442,8
443,1
444,4
445,0
446,5
447,1
448,1
449,1
450,0
451,0
452,4
453,1
454,5
455,7
456,9
457,9
458,4
459,0
460,8
461,1
462,1
463,9
464,3
465,1
466,1
467,0
468,7
469,1
470,7
471,4
472,4
473,8
474,0
475,9
476,7
477,9
478,0
479,1
480,1
481,8
482,1
483,0
484,9
485,1
486,1
487,7
488,7
489,2
490,1
491,1
492,1
493,5
494,9
495,5
496,1
497,8
498,1
499,0
500,8
501,1
502,6
503,1
504,0
505,1
506,9
507,5
508,0
509,5
510,0
511,5
512,6
513,1
514,8
515,1
516,8
517,9
518,9
519,1
520,1
521,9
522,8
523,6
524,1
525,8
526,9
527,9
528,3
529,1
530,9
531,1
532,1
533,5
534,9
535,9
536,8
537,9
538,0
539,9
540,1
541,7
542,1
543,9
544,9
545,5
546,5
547,9
548,9
549,9
550,3
551,8
552,0
553,0
554,5
555,9
556,6
557,1
558,1
559,6
560,0
561,1
562,9
563,9
564,0
565,1
566,5
567,1
568,5
569,9
570,4
571,9
572,5
573,8
574,9
575,1
576,1
577,1
578,8
579,1
580,1
581,1
582,6
583,6
584,9
585,9
586,1
587,3
588,9
589,1
590,8
591,8
592,9
593,0
594,9
595,9
596,1
597,1
598,1
599,0
600,8
601,6
602,1
603,1
604,7
605,5
606,9
607,0
608,3
609,4
610,0
611,1
612,9
613,5
614,9
615,9
616,1
617,4
618,0
619,6
620,0
621,9
622,1
623,8
624,2
625,5
626,9
627,5
628,1
629,9
630,7
631,8
632,4
633,5
634,9
635,1
636,4
637,9
638,8
639,1
640,1
641,3
642,0
643,5
644,1
645,4
646,9
647,4
648,4
649,4
650,0
651,5
652,3
653,1
654,9
655,0
656,9
657,8
658,5
659,1
660,9
661,8
662,1
663,9
664,9
665,9
666,1
667,9
668,1
669,1
670,9
671,9
672,0
673,9
674,1
675,0
676,9
677,9
678,5
679,9
680,1
681,0
682,9
683,8
684,4
685,9
686,0
687,9
688,5
689,0
690,1
691,9
692,4
693,1
694,0
695,9
696,1
697,1
698,1
699,5
700,9
701,4
702,9
703,7
704,1
705,9
706,5
707,8
708,8
709,7
710,9
711,5
712,5
713,9
714,5
715,9
716,5
717,1
718,1
719,9
720,8
721,8
722,1
723,1
724,9
725,9
726,9
727,9
728,8
729,0
730,4
731,0
732,1
733,8
734,9
735,5
736,8
737,6
738,0
739,1
740,9
741,6
742,7
743,8
744,8
745,4
746,2
747,1
748,0
749,9
750,9
751,9
752,8
753,9
754,9
755,0
756,1
757,1
758,1
759,0
760,4
761,5
762,1
763,9
764,0
765,1
766,1
767,6
768,2
769,2
770,5
771,9
772,0
773,1
774,9
775,4
776,9
777,9
778,7
779,5
780,7
781,7
782,8
783,9
784,6
785,9
786,5
787,3
788,4
789,9
790,9
791,5
792,1
793,4
794,9
795,5
796,1
797,0
798,5
799,7
800,4
801,9
802,9
803,9
804,4
805,5
806,5
807,1
808,1
809,5
810,2
811,2
812,1
813,1
814,4
815,9
816,4
817,8
818,5
819,4
820,1
821,1
822,6
823,0
824,1
825,0
826,9
827,9
828,1
829,9
830,0
831,8
832,4
833,9
834,0
835,7
836,3
837,9
838,2
839,5
840,2
841,5
842,9
843,9
844,8
845,1
846,9
847,0
848,1
849,9
850,1
851,1
852,5
853,6
854,8
855,8
856,1
857,7
858,8
859,0
860,4
861,9
862,9
863,0
864,2
865,8
866,0
867,9
868,1
869,9
870,1
871,4
872,9
873,8
874,4
875,4
876,4
877,5
878,5
879,1
880,4
881,8
882,9
883,5
884,9
885,9
886,9
887,0
888,3
889,6
890,1
891,5
892,1
893,8
894,3
895,1
896,1
897,1
898,9
899,4
900,1
901,4
902,0
903,0
904,1
905,5
906,5
907,1
908,1
909,1
910,1
911,7
912,1
913,1
914,9
915,0
916,9
917,9
918,9
919,1
920,4
921,5
922,8
923,1
924,1
925,9
926,6
927,9
928,8
929,8
930,0
931,1
932,4
933,9
934,8
935,1
936,9
937,1
938,5
939,0
940,9
941,0
942,5
943,5
944,1
945,8
946,8
947,1
948,5
949,1
950,4
951,8
952,4
953,8
954,8
955,4
956,1
957,9
958,4
959,9
960,9
961,8
962,4
963,9
964,8
965,5
966,4
967,4
968,1
969,0
970,9
971,1
972,9
973,2
974,9
975,1
976,1
977,1
978,1
979,1
980,1
981,9
982,8
983,9
984,1
985,5
986,2
987,1
988,3
989,6
990,1
991,1
992,1
993,4
994,1
995,9
996,9
997,4
998,4
999,1
1000,9
1001,4
1002,1
1003,1
1004,3
1005,9
1006,9
1007,8
1008,9
1009,9
1010,5
1011,1
1012,9
1013,9
1014,6
1015,1
1016,1
1017,4
1018,8
1019,6
1020,1
1021,0
1022,1
1023,9
1024,0
1025,4
1026,4
1027,8
1028,5
1029,6
1030,9
1031,1
1032,4
1033,0
1034,9
1035,1
1036,8
1037,0
1038,5
1039,8
1040,8
1041,1
1042,9
1043,8
1044,9
1045,9
1046,9
1047,4
1048,8
1049,3
1050,9
1051,1
1052,1
1053,8
1054,4
1055,9
1056,1
1057,8
1058,9
1059,5
1060,0
1061,5
1062,4
1063,9
1064,1
1065,2
1066,2
1067,0
1068,4
1069,0
1070,0
1071,1
1072,0
1073,1
1074,9
1075,9
1076,0
1077,9
1078,7
1079,1
1080,9
1081,9
1082,2
1083,9
1084,0
1085,8
1086,0
1087,0
1088,9
1089,1
1090,9
1091,4
1092,9
1093,0
1094,1
1095,5
1096,4
1097,9
1098,8
1099,1
1100,4
1101,1
1102,1
1103,9
1104,9
1105,9
1106,8
1107,7
1108,9
1109,2
1110,4
1111,9
1112,1
1113,1
1114,5
1115,1
1116,1
1117,1
1118,1
1119,5
1120,9
1121,1
1122,0
1123,8
1124,5
1125,1
1126,5
1127,0
1128,0
1129,3
1130,9
1131,9
1132,0
1133,0
1134,0
1135,9
1136,5
1137,6
1138,5
1139,1
1140,5
1141,4
1142,9
1143,1
1144,9
1145,1
1146,0
1147,1
1148,0
1149,1
1150,6
1151,8
1152,1
1153,3
1154,5
1155,1
1156,9
1157,0
1158,6
1159,2
1160,9
1161,8
1162,9
1163,1
1164,8
1165,1
1166,4
1167,1
1168,1
1169,5
1170,1
1171,1
1172,9
1173,9
1174,1
1175,4
1176,9
1177,1
1178,8
1179,2
1180,1
1181,5
1182,9
1183,1
1184,0
1185,1
1186,5
1187,9
1188,4
1189,9
1190,9
1191,9
1192,8
1193,4
1194,9
1195,1
1196,5
1197,0
1198,1
1199,9
1200,0
1201,9
1202,9
1203,4
1204,4
1205,1
1206,9
1207,1
1208,3
1209,9
1210,5
1211,3
1212,0
1213,9
1214,5
1215,8
1216,9
1217,5
1218,1
1219,8
1220,8
1221,4
1222,8
1223,6
1224,4
1225,0
1226,8
1227,2
1228,5
1229,9
1230,1
1231,9
1232,1
1233,5
1234,1
1235,3
1236,9
1237,9
1238,1
1239,6
1240,9
1241,6
1242,1
1243,8
1244,1
1245,3
1246,1
1247,9
1248,0
1249,5
1250,4
1251,7
1252,1
1253,5
1254,0
1255,0
1256,7
1257,5
1258,5
1259,9
1260,8
1261,9
1262,9
1263,9
1264,2
1265,1
1266,9
1267,0
1268,7
1269,1
1270,4
1271,5
1272,9
1273,1
1274,6
1275,2
1276,0
1277,4
1278,1
1279,1
1280,5
1281,1
1282,1
1283,1
1284,3
1285,1
1286,0
1287,6
1288,9
1289,1
1290,8
1291,9
1292,9
1293,8
1294,2
1295,5
1296,9
1297,9
1298,0
1299,0
1300,2
1301,4
1302,9
1303,5
1304,0
1305,5
1306,1
1307,0
1308,8
1309,9
1310,1
1311,2
1312,9
1313,0
1314,9
1315,3
1316,9
1317,0
1318,9
1319,9
1320,8
1321,5
1322,1
1323,1
1324,1
1325,9
1326,5
1327,5
1328,5
1329,5
1330,9
1331,0
1332,0
1333,2
1334,5
1335,5
1336,0
1337,4
1338,9
1339,9
1340,3
1341,0
1342,1
1343,1
1344,5
1345,1
1346,5
1347,9
1348,9
1349,9
1350,6
1351,3
1352,6
1353,1
1354,0
1355,1
1356,1
1357,1
1358,5
1359,4
1360,9
1361,1
1362,9
1363,5
1364,1
1365,1
1366,9
1367,2
1368,5
1369,8
1370,8
1371,1
1372,9
1373,1
1374,0
1375,1
1376,9
1377,1
1378,1
1379,0
1380,9
1381,9
1382,8
1383,2
1384,5
1385,0
1386,1
1387,9
1388,5
1389,2
1390,8
1391,6
1392,4
1393,3
1394,9
1395,9
1396,9
1397,5
1398,9
1399,8
1400,4
1401,9
1402,9
1403,5
1404,1
1405,2
1406,5
1407,5
1408,0
1409,3
1410,9
1411,1
1412,4
1413,9
1414,5
1415,1
1416,5
1417,7
1418,1
1419,5
1420,1
1421,5
1422,1
1423,0
1424,5
1425,5
1426,0
1427,0
1428,0
1429,1
1430,9
1431,8
1432,1
1433,7
1434,4
1435,1
1436,4
1437,0
1438,9
1439,9
1440,7
1441,9
1442,1
1443,1
1444,5
1445,0
1446,2
1447,9
1448,7
1449,9
1450,3
1451,6
1452,5
1453,1
1454,4
1455,0
1456,8
1457,5
1458,1
1459,9
1460,7
1461,1
1462,9
1463,5
1464,3
1465,1
1466,9
1467,5
1468,8
1469,6
1470,5
1471,8
1472,9
1473,5
1474,9
1475,1
1476,8
1477,9
1478,8
1479,1
1480,4
1481,5
1482,9
1483,1
1484,9
1485,5
1486,5
1487,1
1488,0
1489,9
1490,1
1491,8
1492,4
1493,9
1494,3
1495,9
1496,1
1497,3
1498,5
1499,0
1500,1
1501,9
1502,8
1503,8
1504,4
1505,9
1506,1
1507,6
1508,8
1509,0
1510,4
1511,5
1512,7
1513,1
1514,5
1515,9
1516,5
1517,3
1518,1
1519,9
1520,1
1521,4
1522,1
1523,9
1524,1
1525,5
1526,9
1527,9
1528,0
1529,0
1530,8
1531,5
1532,0
1533,1
1534,3
1535,1
1536,3
1537,0
1538,9
1539,5
1540,1
1541,8
1542,9
1543,5
1544,1
1545,5
1546,1
1547,9
1548,2
1549,1
1550,5
1551,9
1552,5
1553,0
1554,4
1555,4
1556,1
1557,8
1558,0
1559,4
1560,1
,0,1,2,3,4,5,6,7,8,9
0,334,0,5,1,1,2,3,11,16,2
1,4,25,2,2,0,4,0,2,0,6
2,3,4,122,4,0,1,0,3,4,24
3,6,1,11,87,3,5,1,8,2,26
4,0,0,0,3,32,1,1,1,0,7
5,4,1,4,4,1,120,0,3,1,12
6,2,0,2,0,1,0,38,1,0,1
7,9,2,4,7,4,1,1,127,2,8
8,12,1,3,1,1,0,2,3,21,1
9,3,11,30,26,4,11,0,9,1,280
,precision,recall,f1-score,support
alpha,0.8859416445623343,0.8906666666666667,0.8882978723404256,375.0
beta,0.5555555555555556,0.5555555555555556,0.5555555555555556,45.0
delta,0.6666666666666666,0.7393939393939394,0.7011494252873562,165.0
gamma,0.6444444444444445,0.58,0.6105263157894737,150.0
lambda,0.6808510638297872,0.7111111111111111,0.6956521739130436,45.0
mu,0.8275862068965517,0.8,0.8135593220338982,150.0
omega,0.8260869565217391,0.8444444444444444,0.8351648351648352,45.0
pi,0.7559523809523809,0.7696969696969697,0.7627627627627629,165.0
sigma,0.44680851063829785,0.4666666666666667,0.45652173913043476,45.0
xi,0.7629427792915532,0.7466666666666667,0.7547169811320755,375.0
accuracy,0.7602564102564102,0.7602564102564102,0.7602564102564102,0.7602564102564102
macro avg,0.705283620935931,0.7104202020202022,0.707390698310986,1560.0
weighted avg,0.7607608932038732,0.7602564102564102,0.7600763912970111,1560.0
