1,9
2,0
3,4
4,5
5,9
6,1
7,1
8,3
9,8
10,6
11,2
12,1
13,3
14,9
15,1
16,3
17,9
18,5
19,7
20,1
21,6
22,1
23,4
24,7
25,9
26,8
27,1
28,1
29,0
30,9
31,9
32,8
33,8
34,2
35,2
36,1
37,9
38,9
39,1
40,1
41,3
42,7
43,0
44,5
45,9
46,4
47,1
48,4
49,5
50,1
51,9
52,0
53,5
54,4
55,0
56,1
57,1
58,5
59,4
60,1
61,1
62,9
63,0
64,4
65,5
66,0
67,1
68,4
69,0
70,0
71,0
72,4
73,1
74,9
75,9
76,8
77,4
78,1
79,9
80,9
81,7
82,1
83,5
84,5
85,0
86,2
87,9
88,9
89,7
90,9
91,8
92,4
93,1
94,1
95,5
96,1
97,2
98,9
99,0
100,0
101,9
102,8
103,8
104,2
105,4
106,5
107,8
108,5
109,9
110,4
111,1
112,5
113,5
114,5
115,7
116,2
117,8
118,4
119,8
120,9
121,3
122,5
123,5
124,9
125,1
126,1
127,6
128,9
129,4
130,4
131,1
132,1
133,0
134,1
135,9
136,1
137,4
138,2
139,0
140,8
141,5
142,0
143,1
144,9
145,4
146,0
147,9
148,9
149,9
150,1
151,1
152,4
153,9
154,1
155,5
156,0
157,1
158,5
159,5
160,3
161,0
162,8
163,0
164,1
165,1
166,1
167,6
168,1
169,4
170,0
171,5
172,9
173,5
174,0
175,4
176,1
177,1
178,0
179,1
180,5
181,9
182,1
183,4
184,9
185,0
186,4
187,9
188,4
189,4
190,3
191,1
192,9
193,1
194,9
195,9
196,7
197,5
198,7
199,9
200,9
201,9
202,0
203,9
204,0
205,5
206,8
207,8
208,1
209,5
210,4
211,4
212,9
213,0
214,0
215,9
216,0
217,8
218,1
219,9
220,9
221,8
222,1
223,9
224,4
225,9
226,4
227,8
228,5
229,9
230,1
231,9
232,1
233,0
234,0
235,1
236,6
237,5
238,9
239,8
240,1
241,2
242,0
243,9
244,9
245,1
246,1
247,9
248,0
249,9
250,7
251,9
252,1
253,1
254,1
255,1
256,0
257,9
258,1
259,1
260,3
261,4
262,1
263,4
264,1
265,4
266,9
267,9
268,9
269,7
270,5
271,9
272,9
273,8
274,1
275,7
276,0
277,5
278,8
279,9
280,5
281,0
282,8
283,4
284,6
285,3
286,5
287,4
288,1
289,4
290,1
291,3
292,9
293,4
294,0
295,1
296,9
297,1
298,0
299,8
300,5
301,0
302,5
303,8
304,5
305,1
306,1
307,1
308,7
309,8
310,1
311,9
312,9
313,1
314,4
315,1
316,8
317,5
318,5
319,9
320,7
321,9
322,0
323,9
324,9
325,1
326,9
327,9
328,0
329,1
330,9
331,5
332,4
333,9
334,9
335,1
336,6
337,7
338,6
339,9
340,4
341,8
342,8
343,5
344,8
345,0
346,5
347,5
348,4
349,0
350,9
351,5
352,3
353,1
354,8
355,1
356,5
357,4
358,1
359,4
360,1
361,1
362,5
363,4
364,3
365,4
366,8
367,5
368,1
369,1
370,3
371,9
372,5
373,1
374,5
375,3
376,4
377,1
378,9
379,8
380,8
381,1
382,9
383,1
384,1
385,1
386,9
387,0
388,4
389,9
390,9
391,9
392,9
393,4
394,1
395,4
396,1
397,2
398,8
399,4
400,1
401,1
402,9
403,6
404,9
405,8
406,7
407,8
408,9
409,8
410,4
411,5
412,6
413,0
414,1
415,1
416,1
417,9
418,1
419,4
420,5
421,9
422,9
423,3
424,9
425,8
426,4
427,9
428,5
429,4
430,8
431,1
432,0
433,1
434,9
435,9
436,1
437,1
438,9
439,9
440,5
441,1
442,0
443,0
444,1
445,0
446,9
447,4
448,8
449,8
450,4
451,9
452,9
453,1
454,2
455,8
456,0
457,1
458,0
459,1
460,9
461,1
462,0
463,8
464,9
465,8
466,5
467,1
468,4
469,7
470,8
471,0
472,8
473,2
474,9
475,3
476,9
477,9
478,0
479,6
480,4
481,6
482,1
483,1
484,0
485,9
486,4
487,9
488,8
489,9
490,0
491,1
492,5
493,4
494,1
495,8
496,1
497,3
498,0
499,0
500,1
501,9
502,9
503,5
504,9
505,9
506,8
507,2
508,1
509,5
510,0
511,6
512,1
513,1
514,5
515,4
516,0
517,1
518,4
519,6
520,5
,0,1,2,3,4,5,6,7,8,9
0,109,0,0,6,2,1,0,2,4,1
1,0,5,1,4,0,3,0,0,0,2
2,0,0,40,5,0,0,0,0,1,9
3,1,0,4,32,0,2,0,4,0,7
4,0,1,0,1,10,1,0,0,0,2
5,2,1,0,1,0,38,1,6,0,1
6,0,0,0,0,0,0,15,0,0,0
7,3,1,2,5,0,2,0,41,0,1
8,1,0,0,1,0,0,0,1,12,0
9,3,5,11,6,2,2,0,6,0,90
,precision,recall,f1-score,support
alpha,0.9159663865546218,0.872,0.8934426229508197,125.0
beta,0.38461538461538464,0.3333333333333333,0.3571428571428571,15.0
delta,0.6896551724137931,0.7272727272727273,0.7079646017699116,55.0
gamma,0.5245901639344263,0.64,0.5765765765765766,50.0
lambda,0.7142857142857143,0.6666666666666666,0.689655172413793,15.0
mu,0.7755102040816326,0.76,0.7676767676767676,50.0
omega,0.9375,1.0,0.967741935483871,15.0
pi,0.6833333333333333,0.7454545454545455,0.7130434782608696,55.0
sigma,0.7058823529411765,0.8,0.7500000000000001,15.0
xi,0.7964601769911505,0.72,0.7563025210084032,125.0
accuracy,0.7538461538461538,0.7538461538461538,0.7538461538461538,0.7538461538461538
macro avg,0.7127798889151233,0.7264727272727273,0.7179546533283869,520.0
weighted avg,0.7609749200725971,0.7538461538461538,0.7558737578555209,520.0
