1,1
2,17
3,7
4,12
5,1
6,16
7,17
8,25
9,14
10,0
11,3
12,4
13,21
14,23
15,25
16,10
17,22
18,15
19,11
20,15
21,5
22,8
23,19
24,13
25,24
26,10
27,15
28,18
29,20
30,4
31,15
32,20
33,20
34,0
35,24
36,17
37,10
38,21
39,8
40,23
41,3
42,19
43,18
44,20
45,15
46,9
47,25
48,22
49,8
50,2
51,10
52,21
53,12
54,7
55,16
56,9
57,2
58,6
59,20
60,14
61,11
62,6
63,3
64,13
65,23
66,14
67,17
68,9
69,22
70,11
71,10
72,8
73,3
74,4
75,7
76,18
77,8
78,2
79,1
80,14
81,12
82,20
83,5
84,25
85,7
86,6
87,0
88,18
89,14
90,12
91,19
92,10
93,23
94,5
95,25
96,6
97,2
98,0
99,13
100,25
101,16
102,20
103,3
104,13
105,7
106,7
107,10
108,9
109,13
110,13
111,5
112,18
113,11
114,14
115,22
116,21
117,10
118,17
119,18
120,17
121,0
122,15
123,11
124,17
125,17
126,11
127,14
128,7
129,25
130,20
131,21
132,16
133,17
134,19
135,16
136,19
137,22
138,5
139,23
140,23
141,0
142,8
143,13
144,1
145,14
146,6
147,6
148,1
149,3
150,6
151,22
152,1
153,19
154,15
155,5
156,9
157,4
158,8
159,20
160,22
161,13
162,25
163,0
164,12
165,23
166,16
167,4
168,11
169,13
170,9
171,15
172,22
173,6
174,19
175,16
176,15
177,11
178,19
179,10
180,6
181,3
182,0
183,4
184,5
185,24
186,4
187,11
188,22
189,18
190,23
191,2
192,15
193,21
194,15
195,9
196,22
197,2
198,10
199,2
200,12
201,8
202,17
203,12
204,0
205,7
206,5
207,9
208,2
209,2
210,13
211,15
212,21
213,10
214,16
215,11
216,6
217,8
218,9
219,16
220,21
221,0
222,24
223,2
224,13
225,24
226,1
227,21
228,19
229,12
230,14
231,8
232,11
233,24
234,10
235,21
236,24
237,2
238,8
239,5
,0,1,2,3,4,5,6,7,8,9,10,11,12,13,14,15,16,17,18,19,20,21,22,23,24,25
0,9,0,0,0,0,0,0,0,0,0,0,0,0,1,0,0,0,0,0,0,0,0,0,0,0,0
1,0,6,0,0,0,1,0,0,0,0,0,0,1,0,0,0,0,1,0,0,0,0,0,0,0,0
2,0,0,10,0,0,0,0,0,0,0,0,0,0,0,0,0,0,0,0,0,0,0,0,0,0,0
3,0,0,0,6,0,0,0,0,1,0,0,0,0,0,0,0,0,0,0,0,1,0,0,0,0,0
4,0,0,1,0,6,1,0,0,0,0,0,0,0,0,0,0,0,0,0,0,0,0,0,0,0,0
5,0,0,0,0,1,6,0,0,0,0,0,0,0,0,0,1,0,0,0,0,0,0,0,0,0,0
6,0,0,0,0,0,0,9,0,0,0,0,0,0,0,0,0,1,0,0,0,0,0,0,0,0,0
7,0,0,0,0,0,0,0,6,0,0,0,0,0,0,0,1,0,0,0,0,0,2,0,0,0,0
8,0,0,0,0,0,0,0,0,10,0,0,0,0,0,0,0,0,0,0,0,0,0,0,0,0,0
9,1,0,0,0,0,0,0,0,0,8,0,0,0,0,0,0,0,0,0,1,0,0,0,0,0,0
10,0,0,0,0,0,0,0,0,0,0,10,0,0,0,0,0,0,0,0,0,0,0,0,0,0,0
11,0,0,0,0,0,0,0,0,0,0,0,10,0,0,0,0,0,0,0,0,0,0,0,0,0,0
12,0,0,0,0,0,0,0,1,0,0,0,0,7,0,0,0,0,0,0,1,0,1,0,0,0,0
13,0,0,0,1,0,0,0,1,0,0,1,0,0,6,0,0,0,0,0,0,0,1,0,0,0,0
14,0,0,0,0,0,0,0,0,0,0,0,0,0,0,9,0,0,0,0,0,1,0,0,0,0,0
15,0,0,0,0,0,0,0,0,0,0,0,0,0,0,0,10,0,0,0,0,0,0,0,0,0,0
16,0,0,0,0,0,0,1,0,0,0,0,0,0,1,0,0,8,0,0,0,0,0,0,0,0,0
17,0,0,0,0,0,0,0,0,0,0,0,0,0,0,0,0,0,9,0,0,0,0,0,1,0,0
18,0,0,0,0,0,0,0,0,0,1,0,0,0,0,0,0,0,0,7,0,0,0,1,0,0,0
19,0,0,0,0,0,1,0,0,0,0,0,0,0,0,0,0,0,0,0,7,0,0,0,0,0,0
20,0,0,0,0,0,0,0,0,0,0,0,1,0,0,0,0,0,0,0,0,7,0,0,0,0,0
21,0,0,0,0,0,0,0,0,0,0,0,0,0,3,0,0,0,0,0,0,0,4,1,0,0,0
22,0,0,0,0,0,0,0,0,0,0,1,0,0,0,0,0,0,0,0,0,0,0,8,0,0,0
23,0,0,0,0,0,0,0,0,0,0,0,0,0,0,0,0,0,0,0,0,0,1,0,7,0,0
24,0,0,0,0,0,0,0,0,0,0,0,0,0,0,0,0,0,0,0,0,0,1,0,0,7,0
25,0,1,0,0,0,0,0,0,0,0,0,0,0,0,0,0,0,0,0,0,0,0,0,0,0,8
,precision,recall,f1-score,support
A,0.9,0.9,0.9,10.0
B,0.8571428571428571,0.6666666666666666,0.75,9.0
C,0.9090909090909091,1.0,0.9523809523809523,10.0
D,0.8571428571428571,0.75,0.7999999999999999,8.0
E,0.8571428571428571,0.75,0.7999999999999999,8.0
F,0.6666666666666666,0.75,0.7058823529411765,8.0
G,0.9,0.9,0.9,10.0
H,0.75,0.6666666666666666,0.7058823529411765,9.0
I,0.9090909090909091,1.0,0.9523809523809523,10.0
J,0.8888888888888888,0.8,0.8421052631578948,10.0
K,0.8333333333333334,1.0,0.9090909090909091,10.0
L,0.9090909090909091,1.0,0.9523809523809523,10.0
M,0.875,0.7,0.7777777777777777,10.0
N,0.5454545454545454,0.6,0.5714285714285713,10.0
O,1.0,0.9,0.9473684210526316,10.0
P,0.8333333333333334,1.0,0.9090909090909091,10.0
Q,0.8888888888888888,0.8,0.8421052631578948,10.0
R,0.9,0.9,0.9,10.0
S,1.0,0.7777777777777778,0.8750000000000001,9.0
T,0.7777777777777778,0.875,0.823529411764706,8.0
U,0.7777777777777778,0.875,0.823529411764706,8.0
V,0.4,0.5,0.4444444444444445,8.0
W,0.8,0.8888888888888888,0.8421052631578948,9.0
X,0.875,0.875,0.875,8.0
Y,1.0,0.875,0.9333333333333333,8.0
Z,1.0,0.8888888888888888,0.9411764705882353,9.0
accuracy,0.8368200836820083,0.8368200836820083,0.8368200836820083,0.8368200836820083
macro avg,0.8427239427239428,0.8322649572649573,0.8336920389551968,239.0
weighted avg,0.8463517421676418,0.8368200836820083,0.8378005361220382,239.0
