1,25
2,13
3,22
4,2
5,18
6,17
7,11
8,10
9,13
10,20
11,6
12,9
13,11
14,14
15,4
16,5
17,18
18,3
19,2
20,12
21,3
22,0
23,9
24,17
25,9
26,4
27,22
28,20
29,23
30,24
31,25
32,23
33,6
34,14
35,12
36,24
37,2
38,19
39,9
40,17
41,16
42,20
43,13
44,15
45,12
46,13
47,12
48,14
49,24
50,0
51,7
52,3
53,21
54,20
55,15
56,14
57,23
58,9
59,1
60,14
61,13
62,2
63,11
64,10
65,0
66,0
67,18
68,20
69,24
70,21
71,24
72,0
73,21
74,8
75,21
76,18
77,15
78,5
79,14
80,19
,0,1,2,3,4,5,6,7,8,9,10,11,12,13,14,15,16,17,18,19,20,21,22,23,24,25
0,3,0,0,0,0,0,0,0,0,0,0,0,1,0,0,0,0,0,0,0,0,0,0,0,0,0
1,0,0,0,0,1,0,0,0,0,0,0,0,0,0,0,1,0,0,0,0,0,0,0,0,0,0
2,0,0,3,0,0,0,1,0,0,0,0,0,0,0,0,0,0,0,0,0,0,0,0,0,0,0
3,0,0,0,1,0,0,0,0,0,0,0,0,0,0,0,1,0,0,0,0,0,0,0,0,0,1
4,0,0,0,0,1,0,0,0,0,0,0,0,0,0,0,0,0,0,0,0,0,0,0,0,0,1
5,0,0,0,0,0,1,0,0,0,0,0,0,0,0,0,0,0,1,0,0,0,0,0,0,0,0
6,1,0,0,0,0,0,0,0,0,0,0,0,0,0,1,0,0,0,2,0,0,0,0,0,0,0
7,0,0,0,0,0,0,0,1,0,0,0,0,0,1,0,0,0,0,0,0,0,0,1,0,0,0
8,0,0,0,1,0,0,0,0,1,0,0,0,0,0,0,0,0,0,0,0,1,0,0,0,0,0
9,0,0,0,0,0,0,0,0,0,3,0,0,0,0,0,0,0,0,0,1,0,0,0,0,0,0
10,0,0,0,0,0,0,0,0,0,0,0,0,1,1,0,0,0,0,0,0,0,0,0,0,1,0
11,0,0,0,0,0,0,0,0,0,0,0,3,0,0,0,0,0,0,0,0,1,0,0,0,0,0
12,0,0,0,0,0,0,0,0,0,0,1,0,0,0,0,0,0,0,0,0,0,0,0,0,2,0
13,0,0,0,0,0,0,0,0,0,0,0,0,1,2,0,0,0,0,0,0,0,1,0,0,0,0
14,0,0,0,0,0,0,0,0,0,0,0,0,0,0,3,0,0,0,0,0,0,0,0,0,0,0
15,0,1,0,0,0,0,0,0,0,1,0,0,0,0,0,1,0,0,0,0,0,0,0,0,0,0
16,0,0,0,1,0,0,0,0,0,0,0,0,0,0,1,0,1,0,0,0,0,0,0,0,0,0
17,0,0,0,0,0,1,1,0,0,0,0,0,0,0,0,0,0,2,0,0,0,0,0,0,0,0
18,0,0,1,0,0,0,0,0,0,0,0,0,0,0,0,0,0,0,2,0,0,0,0,0,0,0
19,0,0,0,0,0,0,0,0,0,0,0,0,0,0,1,0,0,0,0,1,0,0,0,0,0,0
20,0,0,0,0,0,0,0,0,0,0,0,0,0,0,0,0,0,0,0,0,3,0,0,0,0,0
21,0,0,0,0,0,0,0,0,0,0,0,0,0,0,0,0,0,0,0,0,0,2,1,0,0,0
22,1,0,0,0,0,0,0,0,0,0,0,0,0,1,0,0,0,0,0,0,0,1,0,0,0,0
23,0,0,0,0,0,0,0,0,0,0,1,0,0,0,0,0,0,0,0,0,0,0,0,1,0,0
24,0,0,0,0,0,0,0,0,0,0,0,0,0,0,0,0,0,0,0,0,0,0,0,1,2,0
25,0,0,0,0,0,0,0,0,0,1,0,0,1,0,0,0,0,0,0,0,0,0,0,1,0,0
,precision,recall,f1-score,support
A,0.6,0.75,0.6666666666666665,4.0
B,0.0,0.0,0.0,2.0
C,0.75,0.75,0.75,4.0
D,0.3333333333333333,0.3333333333333333,0.3333333333333333,3.0
E,0.5,0.5,0.5,2.0
F,0.5,0.5,0.5,2.0
G,0.0,0.0,0.0,4.0
H,1.0,0.3333333333333333,0.5,3.0
I,1.0,0.3333333333333333,0.5,3.0
J,0.6,0.75,0.6666666666666665,4.0
K,0.0,0.0,0.0,3.0
L,1.0,0.75,0.8571428571428571,4.0
M,0.0,0.0,0.0,3.0
N,0.4,0.5,0.4444444444444445,4.0
O,0.5,1.0,0.6666666666666666,3.0
P,0.3333333333333333,0.3333333333333333,0.3333333333333333,3.0
Q,1.0,0.3333333333333333,0.5,3.0
R,0.6666666666666666,0.5,0.5714285714285715,4.0
S,0.5,0.6666666666666666,0.5714285714285715,3.0
T,0.5,0.5,0.5,2.0
U,0.6,1.0,0.7499999999999999,3.0
V,0.5,0.6666666666666666,0.5714285714285715,3.0
W,0.0,0.0,0.0,3.0
X,0.3333333333333333,0.5,0.4,2.0
Y,0.4,0.6666666666666666,0.5,3.0
Z,0.0,0.0,0.0,3.0
accuracy,0.4625,0.4625,0.4625,0.4625
macro avg,0.46217948717948715,0.4487179487179487,0.42625152625152624,80.0
weighted avg,0.47791666666666666,0.4625,0.44129960317460315,80.0
