1,1
2,17
3,22
4,1
5,1
6,16
7,17
8,25
9,14
10,9
11,3
12,4
13,22
14,12
15,25
16,17
17,16
18,15
19,11
20,25
21,5
22,8
23,19
24,21
25,24
26,12
27,15
28,18
29,14
30,4
31,15
32,20
33,20
34,17
35,24
36,17
37,10
38,13
39,8
40,23
41,3
42,8
43,18
44,20
45,17
46,1
47,25
48,22
49,8
50,2
51,10
52,21
53,13
54,0
55,16
56,12
57,2
58,6
59,3
60,14
61,11
62,12
63,3
64,13
65,12
66,14
67,1
68,16
69,22
70,11
71,10
72,17
73,3
74,1
75,1
76,18
77,8
78,4
79,25
80,14
81,1
82,12
83,5
84,25
85,7
86,12
87,17
88,18
89,3
90,12
91,19
92,0
93,23
94,5
95,25
96,12
97,2
98,12
99,21
100,25
101,16
102,16
103,12
104,13
105,7
106,15
107,12
108,9
109,0
110,13
111,5
112,1
113,11
114,14
115,22
116,21
117,10
118,15
119,18
120,10
121,0
122,15
123,11
124,17
125,17
126,11
127,14
128,7
129,25
130,22
131,12
132,16
133,17
134,5
135,12
136,8
137,22
138,10
139,23
140,12
141,0
142,8
143,1
144,1
145,3
146,6
147,6
148,1
149,3
150,6
151,22
152,1
153,12
154,15
155,5
156,9
157,4
158,8
159,14
160,22
161,13
162,25
163,0
164,0
165,12
166,16
167,4
168,11
169,13
170,1
171,15
172,22
173,6
174,25
175,16
176,15
177,14
178,19
179,3
180,6
181,3
182,1
183,4
184,12
185,24
186,12
187,11
188,22
189,18
190,12
191,12
192,15
193,22
194,15
195,9
196,22
197,14
198,10
199,12
200,1
201,8
202,1
203,1
204,0
205,7
206,1
207,9
208,2
209,16
210,12
211,15
212,12
213,10
214,16
215,11
216,6
217,8
218,9
219,16
220,24
221,0
222,19
223,2
224,13
225,12
226,1
227,12
228,19
229,12
230,14
231,3
232,11
233,24
234,10
235,21
236,24
237,2
238,8
239,5
,0,1,2,3,4,5,6,7,8,9,10,11,12,13,14,15,16,17,18,19,20,21,22,23,24,25
0,5,1,0,0,0,0,0,0,0,0,0,0,2,0,0,0,0,2,0,0,0,0,0,0,0,0
1,0,8,0,0,0,0,0,0,0,0,0,0,1,0,0,0,0,0,0,0,0,0,0,0,0,0
2,0,0,6,0,1,0,0,0,0,0,0,0,1,0,1,0,1,0,0,0,0,0,0,0,0,0
3,0,0,0,8,0,0,0,0,0,0,0,0,0,0,0,0,0,0,0,0,0,0,0,0,0,0
4,0,2,0,0,5,0,0,0,0,0,0,0,1,0,0,0,0,0,0,0,0,0,0,0,0,0
5,0,0,0,0,0,5,0,0,0,0,1,0,1,0,0,1,0,0,0,0,0,0,0,0,0,0
6,0,0,0,0,0,0,7,0,0,0,0,0,2,0,0,0,1,0,0,0,0,0,0,0,0,0
7,1,1,0,0,0,0,0,4,0,0,0,0,2,0,0,0,0,1,0,0,0,0,0,0,0,0
8,0,0,0,0,0,0,0,0,9,0,0,0,0,0,0,0,0,1,0,0,0,0,0,0,0,0
9,0,1,0,0,0,1,0,0,0,6,0,0,1,0,0,0,1,0,0,0,0,0,0,0,0,0
10,1,0,0,1,0,0,0,0,0,0,7,0,0,0,0,0,0,1,0,0,0,0,0,0,0,0
11,0,0,0,0,0,0,0,0,0,0,0,10,0,0,0,0,0,0,0,0,0,0,0,0,0,0
12,1,3,0,0,0,0,0,0,0,0,0,0,4,1,0,0,0,0,0,0,0,0,1,0,0,0
13,1,0,0,0,0,0,0,0,0,0,0,0,2,6,0,1,0,0,0,0,0,0,0,0,0,0
14,0,0,0,2,0,0,0,0,0,0,0,0,0,0,7,0,1,0,0,0,0,0,0,0,0,0
15,0,0,0,0,0,0,0,0,0,0,0,0,0,0,0,9,0,0,0,0,0,0,0,0,0,1
16,0,1,0,0,0,0,0,0,0,0,0,0,2,0,0,0,7,0,0,0,0,0,0,0,0,0
17,0,1,0,0,0,0,0,0,0,0,1,0,1,0,0,1,0,6,0,0,0,0,0,0,0,0
18,0,2,0,0,0,0,0,0,0,0,0,0,0,0,0,0,1,0,6,0,0,0,0,0,0,0
19,0,0,0,0,0,1,0,0,2,0,0,0,0,0,0,0,0,0,0,4,0,0,0,0,0,1
20,0,0,0,0,0,0,0,0,0,0,0,0,1,0,3,0,0,0,0,0,3,0,1,0,0,0
21,0,0,0,0,0,0,0,0,0,0,0,0,0,1,0,0,0,0,0,0,0,4,3,0,0,0
22,0,0,0,0,0,0,0,0,0,0,0,0,1,0,0,0,0,0,0,0,0,0,8,0,0,0
23,0,0,0,0,0,0,0,0,0,0,0,0,4,0,0,0,0,0,0,0,0,1,0,3,0,0
24,0,0,0,0,0,0,0,0,0,0,0,0,1,0,0,0,0,0,0,1,0,0,0,0,6,0
25,0,0,0,0,0,0,0,0,0,0,0,0,0,0,0,0,0,0,0,0,0,0,0,0,0,9
,precision,recall,f1-score,support
A,0.5555555555555556,0.5,0.5263157894736842,10.0
B,0.4,0.8888888888888888,0.5517241379310346,9.0
C,1.0,0.6,0.7499999999999999,10.0
D,0.7272727272727273,1.0,0.8421052631578948,8.0
E,0.8333333333333334,0.625,0.7142857142857143,8.0
F,0.7142857142857143,0.625,0.6666666666666666,8.0
G,1.0,0.7,0.8235294117647058,10.0
H,1.0,0.4444444444444444,0.6153846153846153,9.0
I,0.8181818181818182,0.9,0.8571428571428572,10.0
J,1.0,0.6,0.7499999999999999,10.0
K,0.7777777777777778,0.7,0.7368421052631577,10.0
L,1.0,1.0,1.0,10.0
M,0.14814814814814814,0.4,0.21621621621621623,10.0
N,0.75,0.6,0.6666666666666665,10.0
O,0.6363636363636364,0.7,0.6666666666666666,10.0
P,0.75,0.9,0.8181818181818182,10.0
Q,0.5833333333333334,0.7,0.6363636363636365,10.0
R,0.5454545454545454,0.6,0.5714285714285713,10.0
S,1.0,0.6666666666666666,0.8,9.0
T,0.8,0.5,0.6153846153846154,8.0
U,1.0,0.375,0.5454545454545454,8.0
V,0.8,0.5,0.6153846153846154,8.0
W,0.6153846153846154,0.8888888888888888,0.7272727272727274,9.0
X,1.0,0.375,0.5454545454545454,8.0
Y,1.0,0.75,0.8571428571428571,8.0
Z,0.8181818181818182,1.0,0.9,9.0
accuracy,0.6778242677824268,0.6778242677824268,0.6778242677824268,0.6778242677824268
macro avg,0.7797412701258855,0.6745726495726495,0.6929082324110697,239.0
weighted avg,0.7746835993697919,0.6778242677824268,0.6935481225959281,239.0
