1,9
2,7
3,1
4,9
5,1
6,1
7,9
8,4
9,9
10,1
11,4
12,5
13,9
14,9
15,3
16,9
17,4
18,3
19,9
20,1
21,7
22,0
23,1
24,1
25,6
26,0
27,3
28,4
29,9
30,1
31,3
32,1
33,1
34,9
35,9
36,9
37,2
38,9
39,1
40,1
41,1
42,0
43,1
44,5
45,3
46,1
47,8
48,6
49,1
50,3
51,3
52,4
53,5
54,6
55,9
56,8
57,6
58,6
59,0
60,3
61,9
62,1
63,9
64,0
65,9
66,3
67,6
68,5
69,6
70,9
71,0
72,1
73,3
74,1
75,6
76,1
77,5
78,9
79,1
80,1
81,4
82,1
83,9
84,1
85,5
86,9
87,1
88,9
89,0
90,9
91,2
92,9
93,9
94,8
95,4
96,1
97,1
98,8
99,9
100,9
101,1
102,1
103,1
104,6
105,4
106,9
107,4
108,6
109,5
110,1
111,1
112,1
113,4
114,1
115,4
116,9
117,6
118,7
119,9
120,9
121,9
122,1
123,1
124,3
125,1
126,5
127,3
128,5
129,9
130,7
131,9
132,9
133,2
134,6
135,5
136,6
137,7
138,5
139,3
140,3
141,1
142,2
143,1
144,1
145,1
146,1
147,2
148,2
149,9
150,2
151,6
152,1
153,1
154,2
155,3
156,1
157,1
158,7
159,1
160,9
161,1
162,2
163,9
164,6
165,1
166,5
167,9
168,1
169,1
170,1
171,2
172,9
173,0
174,1
175,9
176,7
177,0
178,1
179,6
180,6
181,1
182,9
183,2
184,9
185,4
186,9
187,9
188,3
189,3
190,7
191,2
192,1
193,0
194,0
195,3
196,4
197,5
198,1
199,4
200,3
201,1
202,5
203,1
204,9
205,3
206,3
207,3
208,4
209,9
210,1
211,9
212,1
213,1
214,7
215,9
216,2
217,1
218,2
219,3
220,6
221,1
222,5
223,2
224,0
225,9
226,2
227,4
228,9
229,1
230,1
231,4
232,0
233,5
234,4
235,4
236,9
237,3
238,9
239,1
240,8
241,8
242,1
243,1
244,6
245,9
246,7
247,2
248,2
249,9
250,5
251,1
252,9
253,2
254,5
255,5
256,9
257,9
258,6
259,1
260,1
261,2
262,0
263,1
264,2
265,6
266,5
267,6
268,1
269,1
270,3
271,9
272,3
273,3
274,9
275,5
276,9
277,6
278,0
279,1
280,4
281,0
282,2
283,3
284,3
285,3
286,4
287,3
288,9
289,0
290,3
291,9
292,5
293,6
294,9
295,3
296,9
297,0
298,2
299,3
300,6
301,9
302,1
303,4
304,5
305,9
306,1
307,4
308,5
309,6
310,9
311,8
312,4
313,9
314,1
315,2
316,9
317,3
318,9
319,9
320,1
321,9
322,4
323,1
324,0
325,1
326,3
327,8
328,7
329,8
330,3
331,2
332,9
333,9
334,1
335,6
336,6
337,1
338,7
339,6
340,9
341,3
342,8
343,2
344,6
345,9
346,9
347,4
348,1
349,1
350,9
351,5
352,9
353,5
354,0
355,9
356,9
357,5
358,9
359,6
360,5
361,0
362,0
363,9
364,9
365,6
366,3
367,1
368,3
369,9
370,2
371,1
372,1
373,1
374,8
375,2
376,1
377,1
378,1
379,9
380,9
381,0
382,0
383,9
384,9
385,9
386,1
387,9
388,8
389,3
390,9
391,4
392,9
393,9
394,2
395,5
396,6
397,1
398,4
399,4
400,3
401,2
402,0
403,9
404,9
405,6
406,1
407,5
408,8
409,1
410,1
411,1
412,7
413,6
414,4
415,6
416,5
417,3
418,1
419,4
420,9
421,9
422,2
423,2
424,1
425,9
426,1
427,0
428,9
429,0
430,4
431,9
432,9
433,1
434,9
435,0
436,1
437,9
438,3
439,9
440,7
441,0
442,6
443,1
444,4
445,9
446,9
447,1
448,1
449,5
450,3
451,0
452,4
453,3
454,6
455,7
456,9
457,6
458,4
459,0
460,0
461,0
462,1
463,9
464,3
465,1
466,1
467,3
468,7
469,0
470,7
471,4
472,4
473,2
474,0
475,6
476,7
477,6
478,2
479,3
480,1
481,2
482,1
483,4
484,8
485,1
486,1
487,7
488,6
489,2
490,1
491,1
492,1
493,5
494,9
495,5
496,1
497,2
498,1
499,0
500,8
501,1
502,9
503,3
504,3
505,1
506,9
507,5
508,3
509,1
510,0
511,5
512,6
513,1
514,6
515,1
516,9
517,9
518,9
519,1
520,1
521,6
522,2
523,6
524,1
525,8
526,9
527,9
528,3
529,1
530,9
531,1
532,3
533,1
534,9
535,4
536,4
537,9
538,4
539,9
540,1
541,7
542,1
543,4
544,9
545,5
546,8
547,9
548,5
549,9
550,0
551,2
552,3
553,4
554,0
555,6
556,6
557,1
558,3
559,0
560,3
561,3
562,0
563,9
564,0
565,3
566,9
567,3
568,7
569,9
570,9
571,9
572,5
573,8
574,6
575,1
576,1
577,1
578,2
579,1
580,9
581,1
582,6
583,3
584,2
585,6
586,1
587,1
588,9
589,1
590,2
591,2
592,6
593,3
594,9
595,5
596,1
597,1
598,1
599,0
600,0
601,6
602,6
603,1
604,7
605,9
606,9
607,3
608,3
609,9
610,0
611,1
612,5
613,5
614,9
615,9
616,1
617,6
618,5
619,6
620,0
621,5
622,1
623,2
624,4
625,0
626,0
627,3
628,3
629,9
630,7
631,8
632,4
633,5
634,9
635,1
636,9
637,6
638,8
639,1
640,1
641,3
642,0
643,9
644,1
645,4
646,4
647,9
648,9
649,4
650,1
651,5
652,5
653,1
654,9
655,3
656,9
657,9
658,5
659,1
660,9
661,8
662,1
663,9
664,6
665,9
666,1
667,9
668,1
669,1
670,6
671,6
672,0
673,9
674,1
675,1
676,6
677,9
678,5
679,5
680,2
681,3
682,9
683,8
684,4
685,4
686,3
687,6
688,5
689,4
690,1
691,9
692,9
693,1
694,0
695,9
696,1
697,0
698,1
699,6
700,9
701,4
702,6
703,7
704,1
705,9
706,9
707,2
708,2
709,7
710,9
711,3
712,6
713,9
714,9
715,9
716,4
717,1
718,1
719,9
720,8
721,6
722,1
723,1
724,9
725,6
726,6
727,9
728,6
729,0
730,9
731,0
732,1
733,2
734,9
735,4
736,6
737,6
738,4
739,1
740,9
741,6
742,1
743,8
744,2
745,9
746,6
747,3
748,2
749,2
750,9
751,4
752,2
753,5
754,9
755,3
756,1
757,1
758,1
759,1
760,3
761,5
762,1
763,5
764,3
765,7
766,1
767,4
768,5
769,2
770,5
771,9
772,3
773,1
774,9
775,6
776,6
777,2
778,7
779,5
780,7
781,7
782,8
783,5
784,6
785,9
786,5
787,1
788,2
789,6
790,9
791,5
792,1
793,3
794,9
795,5
796,1
797,4
798,5
799,7
800,9
801,4
802,5
803,9
804,5
805,9
806,9
807,3
808,1
809,9
810,2
811,3
812,1
813,1
814,4
815,4
816,4
817,8
818,5
819,4
820,1
821,3
822,4
823,0
824,1
825,1
826,9
827,6
828,1
829,9
830,0
831,8
832,9
833,6
834,4
835,7
836,1
837,9
838,2
839,4
840,2
841,9
842,5
843,2
844,8
845,1
846,6
847,4
848,1
849,9
850,1
851,1
852,5
853,6
854,6
855,2
856,1
857,7
858,2
859,1
860,6
861,9
862,9
863,8
864,9
865,2
866,3
867,9
868,1
869,9
870,1
871,0
872,1
873,6
874,4
875,4
876,2
877,9
878,5
879,1
880,9
881,2
882,9
883,4
884,9
885,9
886,5
887,4
888,3
889,6
890,1
891,9
892,1
893,8
894,1
895,1
896,1
897,1
898,5
899,4
900,1
901,4
902,0
903,0
904,0
905,5
906,9
907,1
908,1
909,1
910,1
911,7
912,1
913,1
914,8
915,0
916,9
917,9
918,9
919,1
920,6
921,9
922,8
923,1
924,1
925,9
926,0
927,9
928,8
929,2
930,0
931,1
932,9
933,9
934,6
935,1
936,9
937,1
938,9
939,4
940,9
941,1
942,0
943,5
944,1
945,8
946,3
947,1
948,9
949,3
950,4
951,2
952,9
953,2
954,8
955,3
956,1
957,9
958,9
959,9
960,9
961,6
962,9
963,9
964,8
965,4
966,2
967,2
968,1
969,0
970,9
971,3
972,9
973,4
974,9
975,1
976,1
977,1
978,1
979,1
980,1
981,6
982,8
983,9
984,1
985,9
986,9
987,1
988,3
989,6
990,1
991,1
992,1
993,6
994,1
995,9
996,9
997,9
998,6
999,1
1000,6
1001,9
1002,1
1003,1
1004,0
1005,6
1006,0
1007,2
1008,9
1009,6
1010,5
1011,1
1012,9
1013,9
1014,6
1015,1
1016,1
1017,4
1018,8
1019,6
1020,1
1021,4
1022,1
1023,9
1024,3
1025,6
1026,4
1027,0
1028,4
1029,3
1030,6
1031,1
1032,8
1033,0
1034,9
1035,2
1036,8
1037,3
1038,9
1039,5
1040,4
1041,1
1042,9
1043,2
1044,6
1045,5
1046,6
1047,9
1048,2
1049,1
1050,9
1051,1
1052,2
1053,8
1054,9
1055,9
1056,1
1057,8
1058,6
1059,5
1060,4
1061,5
1062,9
1063,9
1064,1
1065,2
1066,2
1067,0
1068,9
1069,3
1070,3
1071,0
1072,3
1073,1
1074,9
1075,9
1076,1
1077,9
1078,7
1079,0
1080,5
1081,6
1082,2
1083,5
1084,0
1085,2
1086,6
1087,1
1088,9
1089,1
1090,9
1091,9
1092,9
1093,5
1094,1
1095,5
1096,4
1097,9
1098,2
1099,1
1100,3
1101,1
1102,1
1103,6
1104,2
1105,6
1106,2
1107,0
1108,9
1109,2
1110,4
1111,6
1112,1
1113,1
1114,6
1115,1
1116,1
1117,1
1118,1
1119,9
1120,5
1121,1
1122,3
1123,2
1124,0
1125,1
1126,4
1127,3
1128,4
1129,1
1130,2
1131,6
1132,3
1133,0
1134,0
1135,9
1136,5
1137,6
1138,6
1139,3
1140,6
1141,9
1142,9
1143,1
1144,4
1145,1
1146,3
1147,1
1148,0
1149,1
1150,6
1151,2
1152,1
1153,3
1154,5
1155,1
1156,8
1157,3
1158,3
1159,9
1160,9
1161,8
1162,9
1163,1
1164,6
1165,1
1166,9
1167,1
1168,0
1169,5
1170,1
1171,1
1172,6
1173,9
1174,1
1175,4
1176,6
1177,1
1178,6
1179,3
1180,1
1181,9
1182,9
1183,1
1184,3
1185,3
1186,5
1187,4
1188,9
1189,5
1190,5
1191,6
1192,2
1193,4
1194,6
1195,0
1196,9
1197,0
1198,1
1199,9
1200,4
1201,8
1202,3
1203,4
1204,4
1205,1
1206,9
1207,1
1208,3
1209,0
1210,9
1211,3
1212,3
1213,9
1214,4
1215,2
1216,9
1217,9
1218,0
1219,2
1220,8
1221,6
1222,2
1223,6
1224,4
1225,0
1226,2
1227,9
1228,1
1229,9
1230,1
1231,9
1232,1
1233,6
1234,3
1235,0
1236,5
1237,9
1238,1
1239,6
1240,9
1241,4
1242,1
1243,8
1244,1
1245,3
1246,1
1247,6
1248,3
1249,5
1250,6
1251,1
1252,4
1253,3
1254,0
1255,4
1256,7
1257,5
1258,9
1259,0
1260,8
1261,5
1262,9
1263,9
1264,3
1265,1
1266,9
1267,2
1268,7
1269,1
1270,4
1271,4
1272,9
1273,1
1274,6
1275,2
1276,0
1277,9
1278,1
1279,1
1280,5
1281,1
1282,1
1283,1
1284,3
1285,1
1286,3
1287,6
1288,2
1289,1
1290,2
1291,9
1292,9
1293,2
1294,2
1295,3
1296,9
1297,6
1298,1
1299,1
1300,9
1301,4
1302,2
1303,5
1304,3
1305,3
1306,1
1307,0
1308,2
1309,2
1310,3
1311,9
1312,1
1313,3
1314,9
1315,1
1316,4
1317,3
1318,9
1319,9
1320,2
1321,5
1322,1
1323,0
1324,1
1325,9
1326,5
1327,5
1328,9
1329,5
1330,9
1331,0
1332,3
1333,2
1334,9
1335,5
1336,3
1337,4
1338,6
1339,9
1340,3
1341,0
1342,1
1343,6
1344,9
1345,1
1346,5
1347,9
1348,9
1349,9
1350,6
1351,1
1352,6
1353,1
1354,3
1355,1
1356,0
1357,0
1358,8
1359,1
1360,9
1361,1
1362,9
1363,9
1364,1
1365,1
1366,9
1367,6
1368,5
1369,2
1370,8
1371,1
1372,9
1373,1
1374,0
1375,1
1376,9
1377,1
1378,1
1379,0
1380,9
1381,9
1382,8
1383,6
1384,5
1385,3
1386,1
1387,9
1388,5
1389,2
1390,9
1391,6
1392,5
1393,3
1394,6
1395,9
1396,9
1397,5
1398,6
1399,8
1400,9
1401,0
1402,9
1403,1
1404,1
1405,2
1406,5
1407,2
1408,1
1409,9
1410,2
1411,1
1412,9
1413,9
1414,6
1415,3
1416,9
1417,3
1418,1
1419,2
1420,1
1421,5
1422,1
1423,3
1424,5
1425,5
1426,0
1427,0
1428,0
1429,1
1430,9
1431,8
1432,1
1433,7
1434,4
1435,1
1436,4
1437,6
1438,9
1439,9
1440,7
1441,9
1442,1
1443,1
1444,5
1445,4
1446,9
1447,9
1448,7
1449,9
1450,3
1451,6
1452,9
1453,1
1454,9
1455,4
1456,2
1457,9
1458,1
1459,9
1460,7
1461,3
1462,9
1463,9
1464,3
1465,1
1466,9
1467,5
1468,2
1469,5
1470,5
1471,2
1472,9
1473,2
1474,9
1475,0
1476,2
1477,6
1478,2
1479,1
1480,4
1481,5
1482,9
1483,1
1484,6
1485,9
1486,3
1487,1
1488,9
1489,9
1490,1
1491,8
1492,6
1493,9
1494,1
1495,6
1496,1
1497,1
1498,5
1499,0
1500,1
1501,2
1502,6
1503,8
1504,9
1505,5
1506,1
1507,6
1508,6
1509,3
1510,4
1511,9
1512,2
1513,1
1514,4
1515,9
1516,5
1517,1
1518,1
1519,9
1520,3
1521,9
1522,1
1523,9
1524,1
1525,9
1526,9
1527,9
1528,4
1529,7
1530,8
1531,9
1532,1
1533,1
1534,1
1535,1
1536,1
1537,1
1538,9
1539,4
1540,1
1541,2
1542,9
1543,0
1544,1
1545,9
1546,1
1547,9
1548,2
1549,1
1550,2
1551,9
1552,5
1553,0
1554,2
1555,4
1556,1
1557,2
1558,1
1559,4
1560,1
,0,1,2,3,4,5,6,7,8,9
0,341,2,2,1,0,0,1,14,14,0
1,0,29,1,0,4,2,0,6,0,3
2,0,4,91,6,14,2,0,5,11,32
3,1,6,4,68,8,1,0,5,7,50
4,1,0,0,0,42,1,0,0,0,1
5,6,65,1,0,16,48,1,6,2,5
6,3,0,0,0,0,0,39,1,1,1
7,11,3,0,29,0,1,0,60,60,1
8,3,1,0,0,0,0,0,1,40,0
9,2,10,19,11,63,1,0,6,2,261
,precision,recall,f1-score,support
alpha,0.9266304347826086,0.9093333333333333,0.917900403768506,375.0
beta,0.24166666666666667,0.6444444444444445,0.35151515151515156,45.0
delta,0.7711864406779662,0.5515151515151515,0.6431095406360424,165.0
gamma,0.591304347826087,0.4533333333333333,0.5132075471698113,150.0
lambda,0.2857142857142857,0.9333333333333333,0.43749999999999994,45.0
mu,0.8571428571428571,0.32,0.4660194174757282,150.0
omega,0.9512195121951219,0.8666666666666667,0.9069767441860465,45.0
pi,0.5769230769230769,0.36363636363636365,0.4460966542750929,165.0
sigma,0.291970802919708,0.8888888888888888,0.4395604395604395,45.0
xi,0.7372881355932204,0.696,0.7160493827160493,375.0
accuracy,0.6532051282051282,0.6532051282051282,0.6532051282051282,0.6532051282051282
macro avg,0.6231046560441598,0.6627151515151516,0.5837935281302868,1560.0
weighted avg,0.7329168731267691,0.6532051282051282,0.6637398024843911,1560.0
