1,1
2,17
3,12
4,12
5,1
6,16
7,17
8,9
9,14
10,0
11,3
12,1
13,21
14,17
15,25
16,13
17,3
18,15
19,11
20,15
21,5
22,8
23,19
24,13
25,24
26,22
27,15
28,1
29,20
30,4
31,15
32,20
33,20
34,0
35,13
36,17
37,10
38,21
39,24
40,23
41,3
42,19
43,18
44,20
45,15
46,9
47,25
48,22
49,24
50,2
51,10
52,21
53,12
54,7
55,16
56,9
57,2
58,6
59,20
60,14
61,11
62,6
63,3
64,13
65,23
66,14
67,17
68,9
69,22
70,11
71,10
72,8
73,3
74,5
75,7
76,18
77,8
78,2
79,1
80,14
81,12
82,9
83,5
84,25
85,7
86,6
87,0
88,18
89,14
90,12
91,24
92,10
93,13
94,5
95,25
96,6
97,2
98,0
99,13
100,25
101,20
102,6
103,0
104,13
105,7
106,24
107,17
108,9
109,13
110,13
111,5
112,6
113,11
114,14
115,22
116,21
117,10
118,17
119,18
120,17
121,0
122,15
123,11
124,17
125,17
126,11
127,14
128,7
129,25
130,11
131,22
132,16
133,17
134,5
135,16
136,5
137,22
138,7
139,23
140,23
141,0
142,8
143,13
144,9
145,9
146,6
147,6
148,1
149,3
150,6
151,22
152,1
153,12
154,15
155,5
156,9
157,4
158,0
159,20
160,22
161,13
162,25
163,17
164,12
165,17
166,16
167,4
168,11
169,13
170,9
171,15
172,22
173,6
174,15
175,16
176,15
177,11
178,19
179,10
180,6
181,3
182,5
183,4
184,5
185,24
186,12
187,11
188,22
189,18
190,0
191,2
192,15
193,21
194,15
195,9
196,21
197,2
198,10
199,11
200,1
201,8
202,9
203,13
204,0
205,7
206,5
207,0
208,2
209,2
210,13
211,15
212,21
213,10
214,16
215,11
216,4
217,8
218,9
219,16
220,24
221,0
222,24
223,2
224,13
225,24
226,1
227,21
228,19
229,12
230,14
231,1
232,11
233,24
234,10
235,13
236,24
237,2
238,8
239,5
,0,1,2,3,4,5,6,7,8,9,10,11,12,13,14,15,16,17,18,19,20,21,22,23,24,25
0,7,0,0,0,0,1,0,0,0,0,0,0,0,1,0,0,0,1,0,0,0,0,0,0,0,0
1,0,6,0,0,0,1,0,0,0,2,0,0,0,0,0,0,0,0,0,0,0,0,0,0,0,0
2,0,0,10,0,0,0,0,0,0,0,0,0,0,0,0,0,0,0,0,0,0,0,0,0,0,0
3,0,1,0,6,0,0,0,0,0,0,0,0,0,0,0,0,0,0,0,0,1,0,0,0,0,0
4,0,1,0,0,4,2,0,0,0,0,0,1,0,0,0,0,0,0,0,0,0,0,0,0,0,0
5,0,0,0,0,0,5,0,1,0,0,0,0,1,0,0,1,0,0,0,0,0,0,0,0,0,0
6,0,0,0,0,1,0,8,0,0,0,0,0,0,0,0,0,0,0,0,0,1,0,0,0,0,0
7,0,0,0,0,0,0,0,6,0,0,0,0,0,0,0,1,0,0,0,0,0,1,1,0,0,0
8,1,0,0,0,0,0,0,0,7,0,0,0,0,0,0,0,0,0,0,0,0,0,0,0,2,0
9,2,0,0,0,0,1,0,0,0,7,0,0,0,0,0,0,0,0,0,0,0,0,0,0,0,0
10,0,0,0,0,0,0,0,0,0,0,9,0,0,1,0,0,0,0,0,0,0,0,0,0,0,0
11,0,0,0,0,0,0,0,0,0,0,0,10,0,0,0,0,0,0,0,0,0,0,0,0,0,0
12,0,0,0,0,0,0,0,0,0,0,0,0,8,1,0,0,0,0,0,0,0,1,0,0,0,0
13,1,0,0,0,0,0,0,0,0,0,0,0,0,6,0,0,0,1,0,0,0,1,0,0,1,0
14,0,0,0,0,0,0,1,0,0,1,0,0,0,0,8,0,0,0,0,0,0,0,0,0,0,0
15,0,0,0,0,0,0,0,0,0,0,0,0,0,0,0,10,0,0,0,0,0,0,0,0,0,0
16,0,0,0,0,0,0,1,0,0,0,0,0,0,1,0,0,8,0,0,0,0,0,0,0,0,0
17,0,0,0,0,0,0,0,0,0,0,0,0,0,0,0,0,0,10,0,0,0,0,0,0,0,0
18,0,1,0,1,0,0,1,0,0,1,0,0,0,0,0,0,0,0,5,0,0,0,0,0,0,0
19,0,0,0,0,0,2,0,0,0,0,0,0,0,0,0,1,0,0,0,4,0,0,0,0,1,0
20,0,0,0,0,0,0,0,0,0,1,0,2,0,0,0,0,0,0,0,0,5,0,0,0,0,0
21,0,0,0,0,0,0,0,0,0,0,0,0,0,4,0,0,0,0,0,0,0,4,0,0,0,0
22,0,0,0,0,0,0,0,0,0,0,0,0,0,0,0,0,0,0,0,0,0,0,9,0,0,0
23,1,0,0,0,0,0,0,0,0,0,0,0,0,1,0,0,0,1,0,0,0,1,0,4,0,0
24,0,0,0,0,0,0,0,0,0,0,0,0,0,1,0,0,0,0,0,0,0,0,0,0,7,0
25,0,1,0,0,0,0,0,0,0,1,0,0,0,0,0,0,0,0,0,0,0,0,0,0,0,7
,precision,recall,f1-score,support
A,0.5833333333333334,0.7,0.6363636363636365,10.0
B,0.6,0.6666666666666666,0.631578947368421,9.0
C,1.0,1.0,1.0,10.0
D,0.8571428571428571,0.75,0.7999999999999999,8.0
E,0.8,0.5,0.6153846153846154,8.0
F,0.4166666666666667,0.625,0.5,8.0
G,0.7272727272727273,0.8,0.761904761904762,10.0
H,0.8571428571428571,0.6666666666666666,0.75,9.0
I,1.0,0.7,0.8235294117647058,10.0
J,0.5384615384615384,0.7,0.608695652173913,10.0
K,1.0,0.9,0.9473684210526316,10.0
L,0.7692307692307693,1.0,0.8695652173913044,10.0
M,0.8888888888888888,0.8,0.8421052631578948,10.0
N,0.375,0.6,0.4615384615384615,10.0
O,1.0,0.8,0.888888888888889,10.0
P,0.7692307692307693,1.0,0.8695652173913044,10.0
Q,1.0,0.8,0.888888888888889,10.0
R,0.7692307692307693,1.0,0.8695652173913044,10.0
S,1.0,0.5555555555555556,0.7142857142857143,9.0
T,1.0,0.5,0.6666666666666666,8.0
U,0.7142857142857143,0.625,0.6666666666666666,8.0
V,0.5,0.5,0.5,8.0
W,0.9,1.0,0.9473684210526316,9.0
X,1.0,0.5,0.6666666666666666,8.0
Y,0.6363636363636364,0.875,0.7368421052631579,8.0
Z,1.0,0.7777777777777778,0.8750000000000001,9.0
accuracy,0.7531380753138075,0.7531380753138075,0.7531380753138075,0.7531380753138075
macro avg,0.7962404048942511,0.7439102564102564,0.7514784169716244,239.0
weighted avg,0.7983951659683877,0.7531380753138075,0.7579987526720504,239.0
