1,0
2,7
3,1
4,5
5,1
6,1
7,9
8,4
9,8
10,1
11,0
12,5
13,2
14,9
15,0
16,9
17,4
18,3
19,9
20,1
21,7
22,0
23,1
24,1
25,6
26,0
27,0
28,4
29,5
30,1
31,0
32,1
33,1
34,9
35,9
36,9
37,8
38,5
39,1
40,1
41,1
42,0
43,1
44,5
45,0
46,1
47,8
48,9
49,1
50,8
51,3
52,0
53,5
54,4
55,9
56,8
57,2
58,9
59,1
60,0
61,9
62,1
63,9
64,0
65,9
66,5
67,6
68,1
69,1
70,9
71,0
72,1
73,5
74,1
75,8
76,1
77,5
78,9
79,1
80,6
81,0
82,1
83,9
84,1
85,5
86,9
87,1
88,9
89,9
90,9
91,8
92,9
93,9
94,0
95,0
96,1
97,1
98,8
99,9
100,0
101,1
102,0
103,1
104,9
105,5
106,5
107,0
108,6
109,5
110,1
111,1
112,3
113,4
114,1
115,4
116,4
117,9
118,7
119,4
120,9
121,9
122,1
123,1
124,0
125,1
126,5
127,0
128,5
129,9
130,7
131,9
132,9
133,5
134,6
135,5
136,0
137,7
138,4
139,4
140,3
141,1
142,8
143,1
144,1
145,1
146,1
147,8
148,8
149,4
150,8
151,9
152,1
153,7
154,8
155,1
156,1
157,0
158,7
159,1
160,9
161,1
162,2
163,9
164,9
165,1
166,5
167,9
168,1
169,1
170,1
171,8
172,9
173,8
174,1
175,9
176,7
177,1
178,1
179,6
180,9
181,1
182,0
183,2
184,9
185,0
186,9
187,4
188,5
189,3
190,7
191,8
192,1
193,0
194,0
195,0
196,4
197,5
198,1
199,4
200,0
201,1
202,5
203,1
204,5
205,1
206,1
207,3
208,4
209,0
210,1
211,9
212,1
213,1
214,7
215,9
216,2
217,1
218,2
219,0
220,6
221,1
222,5
223,2
224,0
225,9
226,1
227,4
228,9
229,1
230,1
231,4
232,0
233,5
234,0
235,4
236,9
237,1
238,8
239,1
240,8
241,8
242,1
243,1
244,8
245,9
246,7
247,2
248,5
249,9
250,5
251,1
252,4
253,8
254,9
255,5
256,9
257,9
258,9
259,1
260,1
261,8
262,0
263,1
264,8
265,9
266,5
267,2
268,1
269,1
270,0
271,2
272,8
273,1
274,9
275,5
276,4
277,9
278,9
279,1
280,4
281,1
282,8
283,3
284,1
285,3
286,0
287,4
288,9
289,9
290,5
291,9
292,5
293,5
294,9
295,3
296,4
297,0
298,8
299,0
300,6
301,9
302,1
303,0
304,5
305,9
306,1
307,4
308,5
309,6
310,5
311,8
312,4
313,9
314,1
315,8
316,4
317,0
318,9
319,4
320,1
321,9
322,4
323,1
324,8
325,1
326,0
327,8
328,1
329,8
330,0
331,8
332,9
333,4
334,1
335,5
336,9
337,1
338,7
339,4
340,5
341,0
342,8
343,8
344,8
345,9
346,4
347,4
348,1
349,1
350,9
351,5
352,9
353,5
354,8
355,9
356,9
357,5
358,9
359,9
360,5
361,0
362,1
363,9
364,8
365,5
366,3
367,1
368,3
369,9
370,2
371,1
372,1
373,1
374,8
375,2
376,1
377,1
378,1
379,4
380,9
381,8
382,7
383,9
384,9
385,4
386,1
387,4
388,8
389,0
390,9
391,0
392,9
393,9
394,8
395,5
396,6
397,1
398,2
399,0
400,3
401,8
402,5
403,4
404,9
405,9
406,1
407,5
408,8
409,1
410,1
411,1
412,7
413,9
414,9
415,9
416,5
417,1
418,1
419,4
420,9
421,9
422,8
423,8
424,8
425,9
426,1
427,0
428,9
429,0
430,4
431,9
432,9
433,1
434,9
435,0
436,1
437,9
438,3
439,9
440,7
441,0
442,9
443,1
444,4
445,9
446,9
447,1
448,1
449,9
450,0
451,0
452,4
453,1
454,5
455,7
456,9
457,9
458,4
459,0
460,0
461,1
462,1
463,9
464,3
465,1
466,1
467,0
468,7
469,8
470,7
471,4
472,4
473,8
474,0
475,4
476,7
477,9
478,2
479,1
480,1
481,8
482,1
483,0
484,8
485,1
486,1
487,7
488,6
489,2
490,1
491,1
492,1
493,5
494,9
495,5
496,1
497,8
498,1
499,0
500,8
501,1
502,1
503,3
504,0
505,1
506,9
507,5
508,0
509,8
510,0
511,5
512,0
513,1
514,8
515,1
516,4
517,9
518,9
519,1
520,1
521,9
522,8
523,6
524,1
525,8
526,5
527,9
528,3
529,1
530,9
531,1
532,1
533,1
534,9
535,4
536,4
537,9
538,0
539,5
540,1
541,7
542,1
543,0
544,9
545,5
546,8
547,9
548,9
549,9
550,1
551,8
552,0
553,0
554,1
555,9
556,1
557,1
558,3
559,8
560,0
561,1
562,0
563,9
564,0
565,3
566,5
567,3
568,6
569,9
570,9
571,9
572,5
573,8
574,5
575,1
576,1
577,1
578,8
579,1
580,9
581,1
582,6
583,4
584,2
585,5
586,1
587,1
588,9
589,1
590,8
591,8
592,9
593,0
594,9
595,9
596,1
597,1
598,1
599,0
600,0
601,8
602,0
603,1
604,7
605,9
606,9
607,0
608,5
609,9
610,0
611,1
612,9
613,5
614,4
615,9
616,1
617,9
618,5
619,6
620,0
621,5
622,1
623,8
624,0
625,5
626,0
627,1
628,3
629,9
630,7
631,8
632,4
633,5
634,9
635,1
636,9
637,9
638,8
639,1
640,1
641,3
642,0
643,9
644,1
645,4
646,0
647,4
648,9
649,4
650,1
651,5
652,9
653,1
654,9
655,0
656,5
657,9
658,5
659,1
660,9
661,8
662,1
663,9
664,9
665,9
666,1
667,9
668,1
669,1
670,9
671,9
672,0
673,9
674,1
675,1
676,6
677,9
678,5
679,9
680,0
681,0
682,9
683,8
684,4
685,4
686,0
687,9
688,5
689,0
690,8
691,9
692,4
693,1
694,0
695,9
696,1
697,1
698,1
699,5
700,9
701,4
702,0
703,7
704,1
705,9
706,5
707,8
708,8
709,7
710,5
711,4
712,5
713,9
714,0
715,9
716,4
717,1
718,1
719,9
720,8
721,8
722,0
723,1
724,5
725,5
726,9
727,9
728,8
729,0
730,9
731,0
732,1
733,4
734,9
735,4
736,9
737,6
738,0
739,1
740,9
741,4
742,1
743,8
744,8
745,4
746,5
747,1
748,0
749,8
750,9
751,0
752,8
753,9
754,9
755,0
756,1
757,1
758,1
759,0
760,1
761,5
762,1
763,5
764,4
765,7
766,1
767,0
768,1
769,2
770,5
771,9
772,0
773,1
774,9
775,9
776,9
777,5
778,7
779,5
780,7
781,7
782,8
783,5
784,6
785,9
786,5
787,1
788,8
789,9
790,9
791,5
792,1
793,0
794,9
795,5
796,1
797,0
798,5
799,7
800,4
801,0
802,9
803,9
804,5
805,5
806,5
807,0
808,1
809,5
810,8
811,0
812,1
813,1
814,4
815,4
816,0
817,8
818,5
819,0
820,1
821,4
822,0
823,0
824,1
825,0
826,9
827,9
828,1
829,9
830,0
831,8
832,9
833,9
834,0
835,7
836,1
837,9
838,8
839,5
840,8
841,9
842,5
843,5
844,8
845,1
846,2
847,0
848,1
849,5
850,1
851,1
852,5
853,6
854,9
855,8
856,1
857,7
858,8
859,0
860,6
861,9
862,9
863,5
864,2
865,8
866,0
867,9
868,1
869,9
870,1
871,8
872,5
873,8
874,4
875,4
876,8
877,5
878,5
879,1
880,9
881,8
882,9
883,4
884,9
885,5
886,5
887,0
888,3
889,6
890,1
891,9
892,1
893,8
894,1
895,1
896,1
897,1
898,4
899,4
900,1
901,4
902,0
903,0
904,1
905,5
906,9
907,1
908,1
909,1
910,1
911,7
912,1
913,1
914,8
915,0
916,9
917,9
918,9
919,1
920,9
921,5
922,8
923,1
924,1
925,9
926,0
927,9
928,8
929,8
930,8
931,1
932,9
933,9
934,8
935,1
936,9
937,1
938,9
939,0
940,9
941,0
942,0
943,5
944,1
945,8
946,1
947,1
948,5
949,3
950,4
951,8
952,4
953,8
954,8
955,0
956,1
957,9
958,4
959,9
960,9
961,8
962,4
963,9
964,8
965,0
966,5
967,8
968,1
969,0
970,9
971,1
972,9
973,9
974,9
975,1
976,1
977,1
978,1
979,0
980,1
981,9
982,8
983,9
984,1
985,5
986,9
987,1
988,3
989,6
990,1
991,1
992,1
993,8
994,1
995,9
996,9
997,9
998,9
999,1
1000,5
1001,4
1002,1
1003,1
1004,1
1005,9
1006,5
1007,0
1008,9
1009,9
1010,5
1011,1
1012,9
1013,9
1014,6
1015,1
1016,1
1017,4
1018,8
1019,6
1020,1
1021,5
1022,1
1023,9
1024,0
1025,4
1026,0
1027,5
1028,5
1029,1
1030,9
1031,1
1032,1
1033,0
1034,9
1035,8
1036,8
1037,1
1038,4
1039,8
1040,0
1041,1
1042,9
1043,8
1044,4
1045,9
1046,9
1047,9
1048,8
1049,1
1050,9
1051,1
1052,8
1053,8
1054,4
1055,9
1056,1
1057,8
1058,9
1059,5
1060,0
1061,5
1062,4
1063,9
1064,1
1065,2
1066,2
1067,0
1068,9
1069,0
1070,0
1071,0
1072,0
1073,1
1074,9
1075,9
1076,1
1077,9
1078,7
1079,8
1080,5
1081,1
1082,2
1083,5
1084,0
1085,1
1086,9
1087,1
1088,9
1089,1
1090,9
1091,4
1092,9
1093,1
1094,1
1095,5
1096,4
1097,9
1098,8
1099,1
1100,1
1101,1
1102,1
1103,9
1104,0
1105,9
1106,8
1107,3
1108,9
1109,2
1110,4
1111,9
1112,1
1113,1
1114,5
1115,1
1116,1
1117,1
1118,1
1119,5
1120,9
1121,1
1122,0
1123,8
1124,5
1125,1
1126,9
1127,0
1128,0
1129,1
1130,0
1131,5
1132,0
1133,0
1134,0
1135,9
1136,5
1137,6
1138,9
1139,7
1140,5
1141,4
1142,9
1143,1
1144,9
1145,1
1146,0
1147,1
1148,0
1149,1
1150,9
1151,8
1152,1
1153,3
1154,5
1155,1
1156,0
1157,0
1158,5
1159,2
1160,9
1161,0
1162,9
1163,1
1164,8
1165,1
1166,4
1167,1
1168,6
1169,5
1170,1
1171,1
1172,9
1173,9
1174,1
1175,4
1176,5
1177,1
1178,8
1179,3
1180,1
1181,9
1182,9
1183,1
1184,1
1185,1
1186,5
1187,0
1188,8
1189,9
1190,5
1191,9
1192,8
1193,4
1194,9
1195,1
1196,9
1197,0
1198,1
1199,9
1200,0
1201,4
1202,2
1203,4
1204,4
1205,1
1206,9
1207,1
1208,7
1209,5
1210,9
1211,0
1212,0
1213,9
1214,5
1215,8
1216,9
1217,5
1218,3
1219,8
1220,8
1221,9
1222,8
1223,6
1224,4
1225,0
1226,8
1227,9
1228,1
1229,9
1230,1
1231,9
1232,1
1233,5
1234,3
1235,1
1236,9
1237,9
1238,1
1239,6
1240,9
1241,4
1242,1
1243,8
1244,1
1245,0
1246,1
1247,4
1248,0
1249,5
1250,9
1251,1
1252,0
1253,5
1254,0
1255,4
1256,7
1257,5
1258,9
1259,9
1260,8
1261,5
1262,9
1263,9
1264,1
1265,1
1266,9
1267,0
1268,7
1269,1
1270,0
1271,5
1272,9
1273,1
1274,6
1275,2
1276,8
1277,4
1278,1
1279,1
1280,5
1281,1
1282,1
1283,1
1284,1
1285,1
1286,0
1287,6
1288,8
1289,1
1290,8
1291,9
1292,9
1293,8
1294,2
1295,4
1296,9
1297,9
1298,1
1299,0
1300,9
1301,4
1302,5
1303,5
1304,0
1305,3
1306,1
1307,0
1308,8
1309,8
1310,1
1311,5
1312,0
1313,0
1314,9
1315,1
1316,0
1317,0
1318,9
1319,9
1320,8
1321,5
1322,1
1323,5
1324,1
1325,9
1326,5
1327,5
1328,9
1329,5
1330,9
1331,0
1332,3
1333,0
1334,5
1335,5
1336,0
1337,4
1338,1
1339,9
1340,0
1341,0
1342,1
1343,9
1344,9
1345,1
1346,5
1347,9
1348,9
1349,9
1350,6
1351,1
1352,6
1353,1
1354,0
1355,1
1356,1
1357,0
1358,5
1359,1
1360,9
1361,1
1362,9
1363,5
1364,1
1365,1
1366,5
1367,2
1368,5
1369,8
1370,8
1371,1
1372,9
1373,1
1374,1
1375,1
1376,9
1377,1
1378,1
1379,0
1380,9
1381,9
1382,8
1383,8
1384,5
1385,9
1386,1
1387,9
1388,5
1389,2
1390,8
1391,6
1392,9
1393,3
1394,2
1395,9
1396,9
1397,5
1398,1
1399,8
1400,9
1401,1
1402,9
1403,1
1404,1
1405,8
1406,1
1407,8
1408,0
1409,5
1410,0
1411,1
1412,9
1413,9
1414,5
1415,0
1416,9
1417,8
1418,1
1419,4
1420,1
1421,9
1422,1
1423,0
1424,5
1425,5
1426,0
1427,0
1428,0
1429,1
1430,9
1431,8
1432,1
1433,7
1434,4
1435,1
1436,4
1437,4
1438,9
1439,9
1440,7
1441,9
1442,1
1443,1
1444,5
1445,0
1446,9
1447,9
1448,1
1449,9
1450,3
1451,1
1452,5
1453,1
1454,4
1455,0
1456,8
1457,5
1458,1
1459,9
1460,7
1461,1
1462,9
1463,5
1464,1
1465,1
1466,9
1467,5
1468,8
1469,1
1470,5
1471,8
1472,9
1473,5
1474,9
1475,0
1476,8
1477,9
1478,8
1479,1
1480,4
1481,5
1482,9
1483,1
1484,8
1485,9
1486,4
1487,1
1488,9
1489,9
1490,1
1491,8
1492,4
1493,9
1494,1
1495,9
1496,1
1497,1
1498,5
1499,0
1500,1
1501,0
1502,8
1503,8
1504,4
1505,5
1506,1
1507,0
1508,0
1509,0
1510,4
1511,5
1512,4
1513,1
1514,5
1515,9
1516,5
1517,1
1518,1
1519,9
1520,0
1521,9
1522,0
1523,9
1524,1
1525,9
1526,9
1527,9
1528,6
1529,1
1530,8
1531,5
1532,0
1533,1
1534,1
1535,1
1536,1
1537,0
1538,9
1539,4
1540,1
1541,8
1542,4
1543,9
1544,1
1545,5
1546,1
1547,9
1548,8
1549,1
1550,5
1551,9
1552,5
1553,0
1554,4
1555,0
1556,1
1557,8
1558,8
1559,0
1560,1
,0,1,2,3,4,5,6,7,8,9
0,367,0,0,1,1,2,1,3,0,0
1,1,25,3,0,0,13,0,1,1,1
2,8,0,147,3,0,0,0,1,1,5
3,1,0,8,93,0,8,0,21,0,19
4,7,0,1,3,30,0,0,3,0,1
5,5,2,0,3,1,127,0,11,0,1
6,2,0,2,0,0,1,39,1,0,0
7,3,1,0,4,0,8,0,148,0,1
8,7,0,1,1,0,0,1,4,31,0
9,4,2,18,9,2,7,0,10,0,323
,precision,recall,f1-score,support
alpha,0.9061728395061729,0.9786666666666667,0.9410256410256411,375.0
beta,0.8333333333333334,0.5555555555555556,0.6666666666666667,45.0
delta,0.8166666666666667,0.8909090909090909,0.8521739130434782,165.0
gamma,0.7948717948717948,0.62,0.6966292134831461,150.0
lambda,0.8823529411764706,0.6666666666666666,0.7594936708860759,45.0
mu,0.7650602409638554,0.8466666666666667,0.8037974683544303,150.0
omega,0.9512195121951219,0.8666666666666667,0.9069767441860465,45.0
pi,0.729064039408867,0.896969696969697,0.8043478260869564,165.0
sigma,0.9393939393939394,0.6888888888888889,0.7948717948717948,45.0
xi,0.9202279202279202,0.8613333333333333,0.8898071625344351,375.0
accuracy,0.8525641025641025,0.8525641025641025,0.8525641025641025,0.8525641025641025
macro avg,0.8538363227744142,0.7872323232323233,0.8115790101138671,1560.0
weighted avg,0.8565507336234259,0.8525641025641025,0.8498158910350403,1560.0
